1
-65.4124795576	-25.1464559440
-65.4177551270	-25.1452922821
-65.4179763794	-25.1447029114
-65.4181900024	-25.1443557739
-65.4184646606	-25.1447048187
-65.4188385010	-25.1452980042
-65.4199142456	-25.1461906433
-65.4201889038	-25.1466827393
-65.4206161499	-25.1471824646
-65.4218063354	-25.1479740143
-65.4224014282	-25.1476802826
-65.4226150513	-25.1482715607
-65.4235382080	-25.1482295990
-65.4239196777	-25.1471462250
-65.4238204956	-25.1463088989
-65.4237136841	-25.1456146240
-65.4240417480	-25.1446762085
-65.4242019653	-25.1443805695
-65.4249649048	-25.1436901093
-65.4255676270	-25.1428604126
-65.4263305664	-25.1420707703
-65.4272003174	-25.1414356232
-65.4281082153	-25.1413612366
-65.4293518066	-25.1408214569
-65.4299545288	-25.1400318146
-65.4310379028	-25.1391525269
-65.4321289063	-25.1389083862
-65.4337539673	-25.1380748749
-65.4346694946	-25.1381778717
-65.4354324341	-25.1378402710
-65.4366302490	-25.1371021271
-65.4373321533	-25.1366081238
-65.4377136230	-25.1359710693
-65.4392395020	-25.1348896027
-65.4402160645	-25.1340084076
-65.4417419434	-25.1331253052
-65.4430160522	-25.1325092316
-65.4460525513	-25.1313858032
-65.4475173950	-25.1306972504
-65.4486083984	-25.1296195984
-65.4501266479	-25.1281471252
-65.4524078369	-25.1279563904
-65.4541397095	-25.1277141571
-65.4556579590	-25.1268329620
-65.4573974609	-25.1260013580
-65.4585876465	-25.1255607605
-65.4614028931	-25.1259155273
-65.4633026123	-25.1255283356
-65.4644393921	-25.1251850128
-65.4655761719	-25.1247959137
-65.4663925171	-25.1240100861
-65.4672012329	-25.1229953766
-65.4691009521	-25.1218681335
-65.4775619507	-25.1153354645
-65.4782180786	-25.1151218414
-65.4794387817	-25.1148204803
-65.4803085327	-25.1147842407
-65.4809646606	-25.1145515442
-65.4817504883	-25.1141147614
-65.4850006104	-25.1127300262
-65.4856796265	-25.1124382019
-65.4868774414	-25.1118049622
-65.4880752563	-25.1112937927
-65.4890213013	-25.1108570099
-65.5066375732	-25.1037769318
-65.5068511963	-25.1038093567
-65.5082244873	-25.1035823822
-65.5099105835	-25.1027107239
-65.5107650757	-25.1025371552
-65.5121536255	-25.1024112701
-65.5136489868	-25.1021060944
-65.5155868530	-25.1014995575
-65.5171585083	-25.1015720367
-65.5190582275	-25.1012382507
-65.5208969116	-25.1003265381
-65.5226669312	-25.0994586945
-65.5240173340	-25.0989532471
-65.5255813599	-25.0992641449
-65.5265884399	-25.0993366241
-65.5288009644	-25.0980186462
-65.5306243896	-25.0976486206
-65.5317077637	-25.0970077515
-65.5327911377	-25.0968360901
-65.5339889526	-25.0968418121
-65.5350723267	-25.0968475342
-65.5362319946	-25.0968494415
-65.5390090942	-25.0959453583
-65.5417022705	-25.0947971344
-65.5436859131	-25.0939884186
-65.5443191528	-25.0937519073
-65.5456619263	-25.0932102203
-65.5474166870	-25.0941314697
-65.5492019653	-25.0946197510
-65.5503997803	-25.0951309204
-65.5513687134	-25.0955791473
-65.5518112183	-25.0958824158
-65.5525207520	-25.0962581635
-65.5545043945	-25.0956878662
-65.5563659668	-25.0954570770
-65.5584945679	-25.0958671570
-65.5612030029	-25.0957031250
-65.5634078979	-25.0958499908
-65.5643768311	-25.0959548950
-65.5655288696	-25.0963954926
-65.5667190552	-25.0970153809
-65.5674667358	-25.0972537994
-65.5688476563	-25.0972900391
-65.5696716309	-25.0976676941
-65.5708999634	-25.0980110168
-65.5716094971	-25.0981845856
-65.5720214844	-25.0985240936
-65.5735092163	-25.0985622406
-65.5743637085	-25.0987682343
-65.5757293701	-25.0986003876
-65.5779724121	-25.0982990265
-65.5789794922	-25.0982685089
-65.5799865723	-25.0988140106
-65.5811767578	-25.0992622375
-65.5817337036	-25.0997047424
-65.5822219849	-25.1000785828
-65.5832977295	-25.1004886627
-65.5840454102	-25.1008682251
-65.5850524902	-25.1013431549
-65.5861358643	-25.1014137268
-65.5869903564	-25.1018276215
-65.5874710083	-25.1019992828
-65.5883407593	-25.1021022797
-65.5886688232	-25.1021404266
-65.5895614624	-25.1022415161
-65.5902709961	-25.1027221680
-65.5910949707	-25.1028251648
-65.5922851563	-25.1027584076
-65.5931472778	-25.1030693054
-65.5950317383	-25.1035766602
-65.5964431763	-25.1041965485
-65.5968933105	-25.1047401428
-65.5981979370	-25.1051540375
-65.5995025635	-25.1056327820
-65.6003189087	-25.1063175201
-65.6003952026	-25.1064643860
-65.6005096436	-25.1066875458
-65.6000595093	-25.1072368622
-65.5996475220	-25.1077766418
-65.5990066528	-25.1089973450
-65.5991897583	-25.1105861664
-65.5997085571	-25.1115417480
-65.6001510620	-25.1123237610
-65.5996246338	-25.1137847900
-65.5997314453	-25.1147708893
-65.5999221802	-25.1156196594
-65.6000595093	-25.1175479889
-65.6004714966	-25.1185340881
-65.6009521484	-25.1198596954
-65.6011657715	-25.1208801270
-65.6012802124	-25.1216983795
-65.6017227173	-25.1236896515
-65.6020889282	-25.1249141693
-65.6023101807	-25.1257686615
-65.6023788452	-25.1270256042
-65.6028594971	-25.1282844543
-65.6029281616	-25.1300201416
-65.6028518677	-25.1314506531
-65.6033706665	-25.1331653595
-65.6034774780	-25.1352386475
-65.6036911011	-25.1364650726
-65.6035766602	-25.1381320953
-65.6034622192	-25.1395225525
-65.6033859253	-25.1404094696
-65.6036071777	-25.1413612366
-65.6041946411	-25.1423473358
-65.6045684814	-25.1432876587
-65.6049041748	-25.1443099976
-65.6050872803	-25.1451282501
-65.6050796509	-25.1458721161
-65.6055984497	-25.1468963623
-65.6063461304	-25.1477088928
-65.6069793701	-25.1480903625
-65.6074600220	-25.1487045288
-65.6074218750	-25.1496887207
-65.6076049805	-25.1506099701
-65.6076431274	-25.1510143280
-65.6081619263	-25.1513576508
-65.6092376709	-25.1521186829
-65.6092758179	-25.1527633667
-65.6092681885	-25.1535530090
-65.6092681885	-25.1541976929
-65.6091918945	-25.1548709869
-65.6095581055	-25.1555557251
-65.6102676392	-25.1561012268
-65.6110916138	-25.1562404633
-65.6120605469	-25.1562728882
-65.6126174927	-25.1567859650
-65.6130676270	-25.1573657990
-65.6135177612	-25.1576404572
-65.6144866943	-25.1580200195
-65.6153030396	-25.1582546234
-65.6167068481	-25.1579627991
-65.6187286377	-25.1576614380
-65.6196975708	-25.1577663422
-65.6209259033	-25.1578311920
-65.6217498779	-25.1578693390
-65.6235809326	-25.1584243774
-65.6248474121	-25.1592044830
-65.6261901855	-25.1606426239
-65.6274948120	-25.1617336273
-65.6284103394	-25.1621627808
-65.6302719116	-25.1638298035
-65.6306076050	-25.1645832062
-65.6315765381	-25.1652278900
-65.6329269409	-25.1654071808
-65.6336746216	-25.1650695801
-65.6342544556	-25.1635704041
-65.6345596313	-25.1625232697
-65.6351242065	-25.1615695953
-65.6362457275	-25.1608600616
-65.6374053955	-25.1609287262
-65.6389694214	-25.1605911255
-65.6404266357	-25.1607303619
-65.6418838501	-25.1612110138
-65.6430358887	-25.1617946625
-65.6434860229	-25.1623401642
-65.6447906494	-25.1622772217
-65.6457977295	-25.1625118256
-65.6461715698	-25.1630229950
-65.6467666626	-25.1637439728
-65.6470260620	-25.1640148163
-65.6482620239	-25.1636409760
-65.6495361328	-25.1629638672
-65.6511688232	-25.1613101959
-65.6521377563	-25.1604270935
-65.6530761719	-25.1600532532
-65.6563491821	-25.1602210999
-65.6576309204	-25.1594219208
-65.6579895020	-25.1590995789
-65.6584320068	-25.1586399078
-65.6587142944	-25.1584682465
-65.6596298218	-25.1582050323
-65.6608963013	-25.1580009460
-65.6615142822	-25.1578674316
-65.6637191772	-25.1571559906
-65.6644592285	-25.1571197510
-65.6654663086	-25.1572246552
-65.6659622192	-25.1572284698
-65.6698684692	-25.1566352844
-65.6721038818	-25.1570091248
-65.6732635498	-25.1567134857
-65.6751327515	-25.1567153931
-65.6761398315	-25.1561698914
-65.6781539917	-25.1558723450
-65.6794662476	-25.1552257538
-65.6808853149	-25.1544780731
-65.6818618774	-25.1538066864
-65.6832962036	-25.1532669067
-65.6862487793	-25.1526985168
-65.6876296997	-25.1524620056
-65.6899871826	-25.1522293091
-65.6910324097	-25.1521606445
-65.6924514771	-25.1526393890
-65.6934890747	-25.1534595490
-65.6950912476	-25.1545181274
-65.6967010498	-25.1549987793
-65.6979293823	-25.1552696228
-65.6989440918	-25.1552734375
-65.7005615234	-25.1552715302
-65.7027969360	-25.1552753448
-65.7054901123	-25.1553478241
-65.7084808350	-25.1552562714
-65.7102279663	-25.1549129486
-65.7133331299	-25.1544780731
-65.7159118652	-25.1542510986
-65.7171249390	-25.1540794373
-65.7182083130	-25.1535720825
-65.7184371948	-25.1531658173
-65.7189559937	-25.1526203156
-65.7195587158	-25.1524868011
-65.7199325562	-25.1530990601
-65.7202606201	-25.1539802551
-65.7209701538	-25.1550407410
-65.7213439941	-25.1560268402
-65.7213439941	-25.1565723419
-65.7228317261	-25.1569824219
-65.7240676880	-25.1574611664
-65.7269897461	-25.1586017609
-65.7275848389	-25.1594848633
-65.7281417847	-25.1605739594
-65.7282180786	-25.1612548828
-65.7287368774	-25.1621742249
-65.7299270630	-25.1631984711
-65.7314605713	-25.1646308899
-65.7327651978	-25.1655445099
-65.7328720093	-25.1663646698
-65.7331314087	-25.1679649353
-65.7333908081	-25.1689167023
-65.7333831787	-25.1700839996
-65.7333450317	-25.1721248627
-65.7329330444	-25.1733493805
-65.7326354980	-25.1740264893
-65.7323303223	-25.1748085022
-65.7321777344	-25.1754245758
-65.7336044312	-25.1765480042
-65.7356872559	-25.1774616241
-65.7371749878	-25.1781826019
-65.7389602661	-25.1791782379
-65.7394561768	-25.1795425415
-65.7413406372	-25.1794548035
-65.7448196411	-25.1795520782
-65.7467041016	-25.1800079346
-65.7490844727	-25.1798286438
-65.7498779297	-25.1800174713
-65.7514648438	-25.1804695129
-65.7533569336	-25.1798343658
-65.7541503906	-25.1789360046
-65.7543487549	-25.1780357361
-65.7551498413	-25.1779441833
-65.7560958862	-25.1767578125
-65.7561645508	-25.1765441895
-65.7583999634	-25.1748199463
-65.7604598999	-25.1743984222
-65.7638931274	-25.1739826202
-65.7657775879	-25.1741638184
-65.7669677734	-25.1749801636
-65.7691497803	-25.1764278412
-65.7721176147	-25.1796875000
-65.7722854614	-25.1798057556
-65.7746963501	-25.1815929413
-65.7751922607	-25.1827640533
-65.7768783569	-25.1827697754
-65.7778701782	-25.1835842133
-65.7798538208	-25.1846714020
-65.7835235596	-25.1854896545
-65.7852096558	-25.1863059998
-65.7871932983	-25.1864032745
-65.7889862061	-25.1874885559
-65.7909698486	-25.1877632141
-65.7935485840	-25.1884899139
-65.7959289551	-25.1884899139
-65.7989120483	-25.1889476776
-65.8024826050	-25.1884098053
-65.8050384521	-25.1879653931
-65.8070297241	-25.1867046356
-65.8094100952	-25.1861591339
-65.8106002808	-25.1862545013
-65.8114929199	-25.1862545013
-65.8130874634	-25.1847229004
-65.8150787354	-25.1828269958
-65.8165664673	-25.1809310913
-65.8187484741	-25.1805744171
-65.8196487427	-25.1792125702
-65.8201446533	-25.1784057617
-65.8215332031	-25.1782245636
-65.8232269287	-25.1783142090
-65.8239212036	-25.1769580841
-65.8245162964	-25.1756057739
-65.8249130249	-25.1741600037
-65.8261108398	-25.1726226807
-65.8274993896	-25.1728935242
-65.8292922974	-25.1719932556
-65.8298873901	-25.1711826324
-65.8314437866	-25.1706752777
-65.8325347900	-25.1695041656
-65.8353805542	-25.1667976379
-65.8356170654	-25.1662521362
-65.8359222412	-25.1650791168
-65.8367156982	-25.1636333466
-65.8372116089	-25.1626358032
-65.8372116089	-25.1620941162
-65.8381042480	-25.1610984802
-65.8381042480	-25.1606483459
-65.8395996094	-25.1602897644
-65.8404922485	-25.1598396301
-65.8416824341	-25.1583061218
-65.8421859741	-25.1566772461
-65.8428802490	-25.1550502777
-65.8436737061	-25.1536045074
-65.8448715210	-25.1519813538
-65.8472442627	-25.1495399475
-65.8482437134	-25.1480102539
-65.8485412598	-25.1470165253
-65.8504257202	-25.1459293365
-65.8512191772	-25.1444854736
-65.8520202637	-25.1424980164
-65.8514251709	-25.1407775879
-65.8518753052	-25.1402778625
-65.8517761230	-25.1385612488
-65.8523254395	-25.1361694336
-65.8525238037	-25.1349029541
-65.8533172607	-25.1335487366
END
2
-65.8631820967	-24.1836806524
-65.8625725759	-24.1843672701
-65.8624201957	-24.1850538877
-65.8624963858	-24.1857405054
-65.8630678115	-24.1878003584
-65.8631820967	-24.1891735937
-65.8630678115	-24.1905468291
-65.8621535303	-24.1939799174
-65.8620773402	-24.1953531527
-65.8615440095	-24.1974130057
-65.8612392491	-24.1980996234
-65.8607440135	-24.1987862411
-65.8601725877	-24.1994728587
-65.8596392570	-24.2001594764
-65.8592964016	-24.2008460941
-65.8593725917	-24.2104587414
-65.8591440214	-24.2132052121
-65.8593725917	-24.2159516827
-65.8593725917	-24.2180115357
-65.8593344966	-24.2186981534
-65.8591440214	-24.2207580064
-65.8592583065	-24.2221312417
-65.8591821164	-24.2228178594
-65.8589535461	-24.2235044770
-65.8575059342	-24.2255643300
-65.8572392689	-24.2262509477
-65.8571249837	-24.2269375654
-65.8570487936	-24.2310572714
-65.8563630827	-24.2344903597
-65.8563249877	-24.2379234480
-65.8562107025	-24.2392966834
-65.8560202273	-24.2399833010
-65.8551440411	-24.2420431540
-65.8550297560	-24.2427297717
-65.8555249916	-24.2454762424
-65.8555249916	-24.2475360954
-65.8551821362	-24.2489093307
-65.8543821401	-24.2502825660
-65.8530107183	-24.2530290367
-65.8527821480	-24.2550888897
-65.8524392925	-24.2557755074
-65.8519821519	-24.2564621250
-65.8514869163	-24.2571144118
-65.8508773955	-24.2576980368
-65.8501916846	-24.2581100074
-65.8494678786	-24.2582473310
-65.8487059776	-24.2581443383
-65.8471821756	-24.2574920515
-65.8456583736	-24.2571830736
-65.8441345716	-24.2572517353
-65.8433726706	-24.2574233898
-65.8419631537	-24.2581100074
-65.8413536329	-24.2586249707
-65.8408203022	-24.2592429266
-65.8396774507	-24.2605818310
-65.8392203101	-24.2612684487
-65.8383822190	-24.2632939708
-65.8378869834	-24.2639119267
-65.8361727061	-24.2654911473
-65.8353346150	-24.2674480077
-65.8348393793	-24.2681346254
-65.8341917635	-24.2687869121
-65.8327060565	-24.2698168386
-65.8319441555	-24.2700571548
-65.8296584525	-24.2704347945
-65.8281346505	-24.2708810960
-65.8273727495	-24.2711214122
-65.8266108485	-24.2714647210
-65.8258489475	-24.2718423607
-65.8250870465	-24.2723573240
-65.8220394425	-24.2748978094
-65.8205156405	-24.2759277359
-65.8191061236	-24.2770949859
-65.8185346978	-24.2777472727
-65.8171632760	-24.2797727948
-65.8165918503	-24.2803564198
-65.8159061394	-24.2808370522
-65.8144204324	-24.2814206772
-65.8136966265	-24.2817639860
-65.8130490106	-24.2821416257
-65.8125537750	-24.2826565890
-65.8117156839	-24.2845104567
-65.8112204482	-24.2850597508
-65.8090871254	-24.2867076332
-65.8075633234	-24.2880465377
-65.8068395174	-24.2887331553
-65.8061919016	-24.2894197730
-65.8056966659	-24.2901063907
-65.8054300006	-24.2907930083
-65.8053157154	-24.2914796260
-65.8052395253	-24.2935394790
-65.8051252402	-24.2942260967
-65.8048585748	-24.2949127143
-65.8043633392	-24.2955993320
-65.8016204955	-24.2983458027
-65.8011252599	-24.2990324203
-65.8008585945	-24.2997190380
-65.8007062143	-24.3010922733
-65.8007062143	-24.3038387440
-65.8008204995	-24.3052119793
-65.8010109747	-24.3058985970
-65.8013157351	-24.3065852147
-65.8016204955	-24.3072718323
-65.8019252559	-24.3079584500
-65.8021157312	-24.3086450677
-65.8022300163	-24.3100183030
-65.8021919213	-24.3113915383
-65.8021157312	-24.3120781560
-65.8019633510	-24.3127647737
-65.8010109747	-24.3168844797
-65.8009728797	-24.3175710973
-65.8011252599	-24.3182577150
-65.8018490658	-24.3196309503
-65.8020776361	-24.3203175680
-65.8023443015	-24.3223774210
-65.8028776322	-24.3244372740
-65.8029538223	-24.3258105093
-65.8023823966	-24.3285569800
-65.8023823966	-24.3292435976
-65.8025347768	-24.3299302153
-65.8042109590	-24.3333633036
-65.8044014342	-24.3340499213
-65.8044395293	-24.3347365390
-65.8042490540	-24.3361097743
-65.8031062025	-24.3402294803
-65.8028776322	-24.3429759510
-65.8024966817	-24.3443491863
-65.8023443015	-24.3450358040
-65.8022681114	-24.3457224216
-65.8022300163	-24.3464090393
-65.8022300163	-24.3470956570
-65.8021919213	-24.3498421276
-65.8021157312	-24.3505287453
-65.8019633510	-24.3512153630
-65.8015062104	-24.3532752160
-65.8014681153	-24.3567083043
-65.8013538302	-24.3580815396
-65.8000585985	-24.3635744810
-65.7999824084	-24.3649477163
-65.8000966935	-24.3656343340
-65.8003633589	-24.3663209516
-65.8008204995	-24.3670075693
-65.8013919252	-24.3676941870
-65.8019633510	-24.3683808046
-65.8034871530	-24.3704406576
-65.8042490540	-24.3718138930
-65.8049728600	-24.3738737460
-65.8050490501	-24.3745603636
-65.8049347649	-24.3752469813
-65.8041728639	-24.3773068343
-65.8041347689	-24.3779934519
-65.8050109550	-24.3807399226
-65.8051633352	-24.3814265403
-65.8052776204	-24.3821131579
-65.8053919055	-24.3827997756
-65.8055442857	-24.3834863933
-65.8057728560	-24.3841730109
-65.8059633313	-24.3848596286
-65.8061157115	-24.3855462463
-65.8063061867	-24.3862328639
-65.8065728521	-24.3869194816
-65.8068014224	-24.3876060993
-65.8070299927	-24.3882927169
-65.8072966580	-24.3889793346
-65.8074490382	-24.3896659523
-65.8077157036	-24.3910048567
-65.8079823689	-24.3916228126
-65.8084776046	-24.3921377759
-65.8098490264	-24.3929617171
-65.8113728284	-24.3938886509
-65.8150680483	-24.3967724451
-65.8156394740	-24.3973217393
-65.8170108958	-24.3992785996
-65.8186870780	-24.4013384526
-65.8191061236	-24.4020250703
-65.8194489790	-24.4027116879
-65.8196394543	-24.4033983056
-65.8197537394	-24.4047715409
-65.8196394543	-24.4061447763
-65.8194870741	-24.4068313939
-65.8192585038	-24.4075180116
-65.8191061236	-24.4082046293
-65.8190299335	-24.4088912469
-65.8189918384	-24.4095778646
-65.8190299335	-24.4116377176
-65.8193727889	-24.4130109529
-65.8210108761	-24.4157574236
-65.8212775415	-24.4164440413
-65.8215442068	-24.4171306589
-65.8219251573	-24.4177829457
-65.8223442029	-24.4184009016
-65.8240203851	-24.4199801222
-65.8248203811	-24.4212503649
-65.8255822821	-24.4233102179
-65.8257727574	-24.4239968356
-65.8259251376	-24.4246834533
-65.8261537079	-24.4253700709
-65.8264584683	-24.4260566886
-65.8267632287	-24.4267433063
-65.8270679891	-24.4274299239
-65.8272584643	-24.4281165416
-65.8276394148	-24.4308630122
-65.8281727455	-24.4322362476
-65.8285156010	-24.4329228652
-65.8295441674	-24.4342961006
-65.8300394030	-24.4349827182
-65.8314489199	-24.4384158066
-65.8318298704	-24.4391024242
-65.8322489159	-24.4397547110
-65.8328203417	-24.4403726669
-65.8357536605	-24.4425698435
-65.8371631774	-24.4439087479
-65.8377346032	-24.4445953656
-65.8384965042	-24.4459686009
-65.8386869794	-24.4466552186
-65.8388393596	-24.4487150716
-65.8390679299	-24.4500883069
-65.8394869755	-24.4514615422
-65.8396393557	-24.4521481599
-65.8398298309	-24.4528347776
-65.8400964963	-24.4535213952
-65.8403250666	-24.4542080129
-65.8405536369	-24.4548946306
-65.8408203022	-24.4555812482
-65.8409726824	-24.4562678659
-65.8410488725	-24.4569544836
-65.8410869676	-24.4576411012
-65.8410869676	-24.4583277189
-65.8410869676	-24.4590143366
-65.8411250626	-24.4597009542
-65.8413917280	-24.4610741896
-65.8424583894	-24.4631340426
-65.8429155300	-24.4638206602
-65.8434488607	-24.4645072779
-65.8445155221	-24.4658805132
-65.8452774231	-24.4672537486
-65.8467631301	-24.4693136016
-65.8470297954	-24.4700002192
-65.8474869360	-24.4720600722
-65.8481345519	-24.4734333076
-65.8488964529	-24.4748065429
-65.8500773994	-24.4768663959
-65.8510678707	-24.4782396312
-65.8516773915	-24.4789262489
-65.8522488173	-24.4796128666
-65.8539249995	-24.4816727195
-65.8544202351	-24.4823593372
-65.8564773679	-24.4871656609
-65.8567821283	-24.4878522785
-65.8570106986	-24.4885388962
-65.8573916491	-24.4899121315
-65.8593725917	-24.4940318375
-65.8596392570	-24.4947184552
-65.8599821125	-24.4954050729
-65.8616582947	-24.4988381612
-65.8618868650	-24.4995247789
-65.8621535303	-24.5002113965
-65.8623059105	-24.5008980142
-65.8624201957	-24.5015846319
-65.8625344808	-24.5022712495
-65.8626868610	-24.5029578672
-65.8642106631	-24.5084508085
-65.8649344690	-24.5105106615
-65.8652392294	-24.5111972792
-65.8659630354	-24.5132571322
-65.8667249364	-24.5160036029
-65.8669535067	-24.5173768382
-65.8671058869	-24.5194366912
-65.8674868374	-24.5208099265
-65.8676392176	-24.5214965442
-65.8677535027	-24.5221831619
-65.8679058829	-24.5228697795
-65.8681344532	-24.5235563972
-65.8704201562	-24.5269894855
-65.8706487265	-24.5276761032
-65.8712201523	-24.5297359562
-65.8726677642	-24.5317958092
-65.8728963345	-24.5324824269
-65.8728963345	-24.5331690445
-65.8727439543	-24.5338556622
-65.8722106236	-24.5352288975
-65.8722106236	-24.5359155152
-65.8724772890	-24.5379753682
-65.8726677642	-24.5386619858
-65.8729725246	-24.5393486035
-65.8731629999	-24.5400352212
-65.8730487147	-24.5407218388
-65.8727820494	-24.5414084565
-65.8723249087	-24.5420950742
-65.8713344374	-24.5434683095
-65.8708011067	-24.5441549272
-65.8703058711	-24.5448415448
-65.8695820651	-24.5462147802
-65.8693534948	-24.5469013978
-65.8690106394	-24.5489612508
-65.8689344493	-24.5503344862
-65.8682106433	-24.5530809568
-65.8668011265	-24.5558274275
-65.8659249403	-24.5571663320
-65.8653535146	-24.5577842879
-65.8646678037	-24.5583335820
-65.8624201957	-24.5596038247
-65.8616582947	-24.5598098100
-65.8608963937	-24.5599471335
-65.8601344927	-24.5600844570
-65.8593725917	-24.5602904423
-65.8586106907	-24.5606680820
-65.8578868847	-24.5611143835
-65.8572392689	-24.5615606850
-65.8567059382	-24.5621099791
-65.8563630827	-24.5627279350
-65.8551059461	-24.5654400748
-65.8549154708	-24.5661266925
-65.8548392807	-24.5668133102
-65.8547630906	-24.5674999278
-65.8546869005	-24.5681865455
-65.8545345203	-24.5688731632
-65.8543059500	-24.5695597808
-65.8541916648	-24.5702463985
-65.8542297599	-24.5709330162
-65.8544202351	-24.5716196338
-65.8550678510	-24.5729928692
-65.8551440411	-24.5736794868
-65.8548011856	-24.5757393398
-65.8546869005	-24.5764259575
-65.8544964252	-24.5771125752
-65.8535821440	-24.5791724282
-65.8528964331	-24.5812322812
-65.8524773876	-24.5819188988
-65.8520202470	-24.5826055165
-65.8516012014	-24.5832921342
-65.8504202549	-24.5853519871
-65.8497345440	-24.5867252225
-65.8494678786	-24.5874118401
-65.8492012133	-24.5880984578
-65.8484393123	-24.5894716931
-65.8469155103	-24.5915315461
-65.8463059895	-24.5921838329
-65.8456202785	-24.5927674579
-65.8448964726	-24.5932480903
-65.8434107656	-24.5939347080
-65.8427250547	-24.5944153403
-65.8421155339	-24.5949989654
-65.8410869676	-24.5963378698
-65.8405536369	-24.5970244875
-65.8400584012	-24.5977111051
-65.8387631695	-24.5990500096
-65.8380393636	-24.5996679655
-65.8372774625	-24.6002172596
-65.8357536605	-24.6011441935
-65.8349917595	-24.6016248258
-65.8342679536	-24.6020711273
-65.8335822427	-24.6026204215
-65.8329727219	-24.6032383774
-65.8324393912	-24.6038906641
-65.8318298704	-24.6045772818
-65.8304203535	-24.6059505171
-65.8288965515	-24.6073237525
-65.8273727495	-24.6086969878
-65.8266108485	-24.6093836055
-65.8258489475	-24.6100702231
-65.8250870465	-24.6107225099
-65.8243251455	-24.6113404658
-65.8236013395	-24.6118897599
-65.8229537237	-24.6123703923
-65.8224965831	-24.6129196864
-65.8223061078	-24.6135376423
-65.8223061078	-24.6141899291
-65.8223822979	-24.6155631645
-65.8218870623	-24.6169363998
-65.8208965910	-24.6189962528
-65.8197156444	-24.6203694881
-65.8189918384	-24.6210561058
-65.8182299374	-24.6217427235
-65.8168585156	-24.6231159588
-65.8163251849	-24.6238025765
-65.8159823295	-24.6244891941
-65.8157156641	-24.6251758118
-65.8154489988	-24.6258624295
-65.8152966186	-24.6265490471
-65.8151823334	-24.6292955178
-65.8151442384	-24.6299821355
-65.8150299532	-24.6306687531
-65.8147632879	-24.6313553708
-65.8142680522	-24.6320419885
-65.8128966304	-24.6332779003
-65.8121347294	-24.6337242017
-65.8098490264	-24.6343421576
-65.8090871254	-24.6345824738
-65.8083252244	-24.6348227900
-65.8075633234	-24.6351317680
-65.8068014224	-24.6356124003
-65.8037538184	-24.6381185548
-65.8029919174	-24.6386678489
-65.8022300163	-24.6391484813
-65.8014681153	-24.6396977754
-65.8000585985	-24.6409680181
-65.7994871727	-24.6416546358
-65.7990681272	-24.6423412534
-65.7987633668	-24.6430278711
-65.7986490816	-24.6437144888
-65.7986871767	-24.6444011064
-65.7988014618	-24.6450877241
-65.7988014618	-24.6457743418
-65.7979252757	-24.6492074301
-65.7973538499	-24.6519539008
-65.7970490895	-24.6526405184
-65.7967062341	-24.6533271361
-65.7950300519	-24.6567602244
-65.7935824400	-24.6588200774
-65.7922872082	-24.6601933128
-65.7915634023	-24.6608455996
-65.7908015013	-24.6614635555
-65.7886300834	-24.6630427761
-65.7880586577	-24.6636607320
-65.7876015171	-24.6643130188
-65.7871443765	-24.6649996364
-65.7862300953	-24.6663728718
-65.7856967646	-24.6670594894
-65.7852015289	-24.6677461071
-65.7831824912	-24.6698059601
-65.7817729744	-24.6711791954
-65.7800206021	-24.6732047175
-65.7786110852	-24.6742689749
-65.7778491842	-24.6746122838
-65.7770872832	-24.6749212617
-65.7748396752	-24.6762258353
-65.7735825386	-24.6773930853
-65.7728206376	-24.6787319898
-65.7722111168	-24.6807918428
-65.7719063564	-24.6814784604
-65.7716015960	-24.6821650781
-65.7706111247	-24.6842249311
-65.7700777940	-24.6849115488
-65.7687063722	-24.6862847841
-65.7671825701	-24.6874863650
-65.7664206691	-24.6878640047
-65.7656587681	-24.6879669974
-65.7641349661	-24.6877953430
-65.7633730651	-24.6878296738
-65.7626492592	-24.6880356591
-65.7619635483	-24.6884819606
-65.7613921225	-24.6890655856
-65.7609730770	-24.6897178724
-65.7605921265	-24.6904044901
-65.7600587958	-24.6917777254
-65.7597159403	-24.6924643431
-65.7593730849	-24.6931509607
-65.7584968987	-24.6945241961
-65.7579635680	-24.6952108137
-65.7569350016	-24.6965840491
-65.7567064313	-24.6972706667
-65.7566683363	-24.6979572844
-65.7570492868	-24.7000171374
-65.7566302412	-24.7020769904
-65.7565540511	-24.7034502257
-65.7568969066	-24.7048234611
-65.7577349977	-24.7061966964
-65.7580397581	-24.7068833141
-65.7582302333	-24.7075699317
-65.7581921383	-24.7082565494
-65.7581540432	-24.7089431671
-65.7583445185	-24.7103164024
-65.7590683245	-24.7116896377
-65.7595635601	-24.7123762554
-65.7605921265	-24.7137494907
-65.7611635522	-24.7144361084
-65.7617730730	-24.7151227261
-65.7623064037	-24.7158093437
-65.7627254493	-24.7164959614
-65.7631063998	-24.7171825791
-65.7633349701	-24.7178691967
-65.7634492552	-24.7185558144
-65.7634873503	-24.7192424321
-65.7627635443	-24.7213022851
-65.7624587839	-24.7240487557
-65.7622302136	-24.7247353734
-65.7614683126	-24.7261086087
-65.7612397423	-24.7267952264
-65.7610873621	-24.7281684617
-65.7610873621	-24.7288550794
-65.7610492671	-24.7295416971
-65.7609349819	-24.7301939838
-65.7606683166	-24.7307776089
-65.7601730809	-24.7312582412
-65.7580397581	-24.7324254913
-65.7557540551	-24.7343480207
-65.7550302491	-24.7350346384
-65.7543826333	-24.7357212561
-65.7538493026	-24.7364078737
-65.7535064471	-24.7370944914
-65.7529731164	-24.7384677267
-65.7528207362	-24.7391543444
-65.7527445461	-24.7398409621
-65.7527064511	-24.7405275797
-65.7527064511	-24.7412141974
-65.7526683560	-24.7419008151
-65.7525921659	-24.7425874327
-65.7524397857	-24.7432740504
-65.7516016946	-24.7453339034
-65.7508016986	-24.7467071387
-65.7505731283	-24.7473937564
-65.7504207481	-24.7487669917
-65.7503826530	-24.7522000800
-65.7500397976	-24.7535733154
-65.7486302807	-24.7555988375
-65.7480207599	-24.7561824625
-65.7473350490	-24.7566630949
-65.7466493381	-24.7570064037
-65.7460017222	-24.7573497125
-65.7455064866	-24.7578303449
-65.7452398212	-24.7584139699
-65.7449731559	-24.7604394920
-65.7447826806	-24.7611261097
-65.7444779202	-24.7618127274
-65.7441350648	-24.7624993450
-65.7424207875	-24.7652458157
-65.7421922172	-24.7659324334
-65.7420017420	-24.7673056687
-65.7418874568	-24.7679922864
-65.7416207915	-24.7686789040
-65.7401731795	-24.7707387570
-65.7399065142	-24.7714253747
-65.7396017538	-24.7741718454
-65.7393731835	-24.7748584630
-65.7384969973	-24.7762316984
-65.7381160468	-24.7769183160
-65.7377731914	-24.7776049337
-65.7371636706	-24.7803514044
-65.7368208151	-24.7810380220
-65.7364017696	-24.7817246397
-65.7358303438	-24.7824112574
-65.7337732111	-24.7844711104
-65.7332017854	-24.7851577280
-65.7327827398	-24.7858443457
-65.7324398844	-24.7865309634
-65.7322494091	-24.7872175810
-65.7320970289	-24.7906506694
-65.7317541734	-24.7920239047
-65.7303446566	-24.7940837577
-65.7286303793	-24.7961436107
-65.7278303833	-24.7975168460
-65.7264208664	-24.8002633167
-65.7261922961	-24.8009499343
-65.7260399159	-24.8023231697
-65.7260780110	-24.8050696403
-65.7261542011	-24.8057562580
-65.7266875318	-24.8078161110
-65.7268018169	-24.8091893463
-65.7266875318	-24.8112491993
-65.7263065813	-24.8126224347
-65.7261922961	-24.8139956700
-65.7263065813	-24.8146822877
-65.7265732466	-24.8153689053
-65.7268018169	-24.8160555230
-65.7270303872	-24.8167421407
-65.7272970526	-24.8174287583
-65.7274494328	-24.8181153760
-65.7275256229	-24.8188019937
-65.7275637179	-24.8194886113
-65.7276780031	-24.8208618467
-65.7289732348	-24.8242949350
-65.7292018051	-24.8270414057
-65.7294684704	-24.8284146410
-65.7294684704	-24.8291012587
-65.7288208546	-24.8311611117
-65.7280208585	-24.8325343470
-65.7264589615	-24.8345942000
-65.7261542011	-24.8352808177
-65.7255446803	-24.8373406707
-65.7253923001	-24.8380272883
-65.7252780149	-24.8387139060
-65.7251256347	-24.8394005237
-65.7248970644	-24.8400871413
-65.7231827871	-24.8428336120
-65.7228780267	-24.8435202297
-65.7226494564	-24.8442068473
-65.7226113614	-24.8448934650
-65.7227256465	-24.8462667003
-65.7225732663	-24.8469533180
-65.7221923158	-24.8476399357
-65.7208589891	-24.8496997886
-65.7204399435	-24.8503864063
-65.7199447079	-24.8510730240
-65.7194113772	-24.8517596416
-65.7189161415	-24.8524119284
-65.7183066207	-24.8529955534
-65.7176209098	-24.8534418549
-65.7153733019	-24.8541971344
-65.7130875988	-24.8556047006
-65.7100399948	-24.8572525830
-65.7093161889	-24.8577332153
-65.7086685730	-24.8581795168
-65.7081352423	-24.8587288110
-65.7071066760	-24.8606856713
-65.7061542997	-24.8620589066
-65.7055447789	-24.8627455243
-65.7038305016	-24.8648053773
-65.7031447907	-24.8654919950
-65.7017733689	-24.8668652303
-65.7007828976	-24.8682384656
-65.7004400422	-24.8689250833
-65.7002114719	-24.8696117010
-65.6994876659	-24.8723581716
-65.6993733808	-24.8737314070
-65.6993733808	-24.8771644953
-65.6993733808	-24.8785377306
-65.6994876659	-24.8799109660
-65.6996781412	-24.8805975836
-65.7005924224	-24.8826574366
-65.7007828976	-24.8833440543
-65.7013543234	-24.8860905250
-65.7013924184	-24.8867428117
-65.7012019432	-24.8873264368
-65.7007448026	-24.8877727382
-65.6986495748	-24.8885280177
-65.6979638639	-24.8889743192
-65.6973924382	-24.8895579442
-65.6967067272	-24.8908968486
-65.6965543470	-24.8922700840
-65.6959829213	-24.8936089884
-65.6954495906	-24.8941582825
-65.6947638797	-24.8945015914
-65.6940400737	-24.8945359223
-65.6909924697	-24.8933000105
-65.6894686677	-24.8922700840
-65.6887067667	-24.8917207898
-65.6879448657	-24.8912744883
-65.6871829647	-24.8910341722
-65.6856591627	-24.8908968486
-65.6848972617	-24.8908968486
-65.6841353607	-24.8908968486
-65.6833734597	-24.8908968486
-65.6803258557	-24.8909311795
-65.6788020536	-24.8912744883
-65.6780401526	-24.8916864589
-65.6772782516	-24.8921670913
-65.6765163506	-24.8925790619
-65.6757544496	-24.8928537090
-65.6749925486	-24.8930253634
-65.6742306476	-24.8931970178
-65.6734687466	-24.8934373340
-65.6727068456	-24.8936433193
-65.6719449446	-24.8938836355
-65.6711830436	-24.8941926134
-65.6704211426	-24.8945015914
-65.6696592416	-24.8948449002
-65.6666116376	-24.8962524664
-65.6652402158	-24.8971794003
-65.6647449801	-24.8977973562
-65.6642116494	-24.8991362606
-65.6639068890	-24.8997885474
-65.6634116534	-24.9004065033
-65.6627640375	-24.9009557974
-65.6620402315	-24.9014364298
-65.6612783305	-24.9019857239
-65.6605164295	-24.9026036798
-65.6597545285	-24.9032559666
-65.6589926275	-24.9039425843
-65.6582307265	-24.9045948711
-65.6574688255	-24.9051784961
-65.6567069245	-24.9056247976
-65.6559450235	-24.9058994446
-65.6551831225	-24.9061054299
-65.6544212215	-24.9063457461
-65.6536593205	-24.9067233858
-65.6528974195	-24.9071696873
-65.6521355185	-24.9076159888
-65.6514117125	-24.9081652829
-65.6507260016	-24.9087832388
-65.6501164808	-24.9094355256
-65.6495831501	-24.9101221433
-65.6489736293	-24.9107744301
-65.6482879184	-24.9113923860
-65.6475641125	-24.9119416801
-65.6468022115	-24.9124223125
-65.6460403105	-24.9129716066
-65.6452784095	-24.9135895625
-65.6445546035	-24.9142418493
-65.6439069876	-24.9149284669
-65.6433736569	-24.9156150846
-65.6430308015	-24.9163017023
-65.6427260411	-24.9169883199
-65.6423450906	-24.9176749376
-65.6419260450	-24.9183615553
-65.6413546193	-24.9190481729
-65.6406689084	-24.9197347906
-65.6399451024	-24.9204214083
-65.6392212965	-24.9211080259
-65.6385355856	-24.9217946436
-65.6379260648	-24.9224469304
-65.6373927341	-24.9230648863
-65.6367832133	-24.9235798495
-65.6360975024	-24.9239918201
-65.6353736964	-24.9244037907
-65.6346117954	-24.9247814305
-65.6338498944	-24.9251934011
-65.6330879934	-24.9256053717
-65.6323260924	-24.9259143496
-65.6315641914	-24.9262576584
-65.6308022904	-24.9267382908
-65.6300403894	-24.9273219158
-65.6292784884	-24.9279742026
-65.6285165874	-24.9286608203
-65.6277546864	-24.9293474379
-65.6269927853	-24.9300340556
-65.6262308843	-24.9307206733
-65.6254689833	-24.9314072909
-65.6247070823	-24.9320939086
-65.6239451813	-24.9327461954
-65.6231832803	-24.9333641513
-65.6224213793	-24.9339134454
-65.6216594783	-24.9343940778
-65.6208975773	-24.9349433719
-65.6201356763	-24.9355269969
-65.6193737753	-24.9360762911
-65.6186118743	-24.9365225925
-65.6178499733	-24.9367972396
-65.6170880723	-24.9370032249
-65.6163261713	-24.9372435411
-65.6155642703	-24.9375868499
-65.6148023693	-24.9379644896
-65.6140404683	-24.9382734676
-65.6133166623	-24.9386167764
-65.6126690465	-24.9390974088
-65.6121357158	-24.9396810338
-65.6117547653	-24.9403333206
-65.6113738148	-24.9410199383
-65.6108404841	-24.9417065559
-65.6101928682	-24.9423931736
-65.6094690622	-24.9430454604
-65.6087071612	-24.9436290854
-65.6079452602	-24.9441097178
-65.6071833592	-24.9444530266
-65.6064214582	-24.9447963354
-65.6056976523	-24.9452769678
-65.6050500364	-24.9458605928
-65.6045167057	-24.9465128796
-65.6041357552	-24.9471994973
-65.6037548047	-24.9478861149
-65.6032214740	-24.9485727326
-65.6025738582	-24.9492593503
-65.6018500522	-24.9499459679
-65.6010881512	-24.9506325856
-65.6003262502	-24.9513192033
-65.5995643492	-24.9520058209
-65.5988024482	-24.9526924386
-65.5980405472	-24.9533790563
-65.5972786462	-24.9540656739
-65.5965167452	-24.9547522916
-65.5957929392	-24.9554389092
-65.5951453234	-24.9561255269
-65.5946119927	-24.9568121446
-65.5942310422	-24.9574987622
-65.5938500917	-24.9581510490
-65.5933167610	-24.9587690049
-65.5926691451	-24.9593182991
-65.5919453391	-24.9597989314
-65.5911834381	-24.9603482256
-65.5904596322	-24.9609661815
-65.5898120163	-24.9616184682
-65.5893167807	-24.9623050859
-65.5890501153	-24.9629917036
-65.5889358302	-24.9636783212
-65.5888977351	-24.9643649389
-65.5888596401	-24.9650515566
-65.5887453549	-24.9657038434
-65.5884786896	-24.9662874684
-65.5879834539	-24.9667681007
-65.5873358381	-24.9671114096
-65.5866120321	-24.9674547184
-65.5858501311	-24.9679353508
-65.5850882301	-24.9685189758
-65.5843263291	-24.9691712626
-65.5835644281	-24.9698235494
-65.5828025271	-24.9704071744
-65.5820406261	-24.9708534759
-65.5812787251	-24.9711281229
-65.5805168241	-24.9713341082
-65.5797930181	-24.9716087553
-65.5791454023	-24.9720550568
-65.5786501666	-24.9726386818
-65.5783454062	-24.9732909686
-65.5781168359	-24.9739775862
-65.5778120755	-24.9746298730
-65.5773168399	-24.9752478289
-65.5766692240	-24.9757971231
-65.5759835131	-24.9762777554
-65.5753358973	-24.9768270496
-65.5748025666	-24.9774450055
-65.5744216160	-24.9780972922
-65.5740787606	-24.9787839099
-65.5736216200	-24.9794705276
-65.5726311487	-24.9808094320
-65.5720216279	-24.9813930570
-65.5713359170	-24.9818736894
-65.5700025902	-24.9825603071
-65.5694692595	-24.9830409394
-65.5691264041	-24.9836245644
-65.5688597387	-24.9842768512
-65.5685930734	-24.9849634689
-65.5684025981	-24.9856500866
-65.5682502179	-24.9863367042
-65.5680597427	-24.9870233219
-65.5678311724	-24.9877099396
-65.5676787922	-24.9883965572
-65.5676026021	-24.9890831749
-65.5675645070	-24.9897697926
-65.5675264120	-24.9904564102
-65.5674121268	-24.9911430279
-65.5671454615	-24.9917953147
-65.5666502258	-24.9923789397
-65.5660026100	-24.9927909103
-65.5652788040	-24.9929968956
-65.5645169030	-24.9930655574
-65.5637550020	-24.9931342191
-65.5629931010	-24.9934088662
-65.5622312000	-24.9938551677
-65.5615073940	-24.9943358000
-65.5608216831	-24.9948164324
-65.5602502574	-24.9953657265
-65.5597931168	-24.9959836824
-65.5593740712	-24.9966359692
-65.5590312158	-24.9973225869
-65.5586883603	-24.9980092046
-65.5583835999	-24.9986958222
-65.5580407445	-24.9993824399
-65.5575074138	-25.0000347267
-65.5568597979	-25.0006526826
-65.5561359919	-25.0012019767
-65.5553740909	-25.0016482782
-65.5546121899	-25.0021289106
-65.5538502889	-25.0025752120
-65.5530883879	-25.0029528518
-65.5523264869	-25.0033648224
-65.5515645859	-25.0037424621
-65.5508026849	-25.0041887636
-65.5500407839	-25.0046693959
-65.5492788829	-25.0051156974
-65.5485169819	-25.0056649915
-65.5478312710	-25.0062829474
-65.5472217502	-25.0069352342
-65.5467646096	-25.0076218519
-65.5464598492	-25.0083084695
-65.5460027086	-25.0089950872
-65.5453931878	-25.0096817049
-65.5447074769	-25.0103683225
-65.5439455759	-25.0110549402
-65.5431836749	-25.0117415579
-65.5424217739	-25.0124281755
-65.5416598729	-25.0131147932
-65.5409360669	-25.0138014109
-65.5402884511	-25.0144880285
-65.5397551204	-25.0151746462
-65.5393741699	-25.0158612639
-65.5389932193	-25.0165478815
-65.5384598886	-25.0172344992
-65.5378122728	-25.0179211169
-65.5370884668	-25.0186077345
-65.5363646609	-25.0192943522
-65.5357170450	-25.0199809699
-65.5352218094	-25.0206675875
-65.5349170490	-25.0213542052
-65.5346884787	-25.0220408229
-65.5343837183	-25.0227274405
-65.5338884826	-25.0233797273
-65.5332408668	-25.0239976832
-65.5325170608	-25.0245469774
-65.5317551598	-25.0250276097
-65.5309932588	-25.0255425730
-65.5302313578	-25.0260575362
-65.5294694568	-25.0264695068
-65.5287075558	-25.0267098230
-65.5279456548	-25.0268128157
-65.5271837538	-25.0268471465
-65.5256599518	-25.0269844701
-65.5248980508	-25.0272247863
-65.5241361498	-25.0276367569
-65.5233742488	-25.0281173892
-65.5226123478	-25.0285636907
-65.5218504468	-25.0288726687
-65.5210885457	-25.0291473157
-65.5203266447	-25.0294562937
-65.5195647437	-25.0297309407
-65.5188028427	-25.0300399187
-65.5180790368	-25.0303145658
-65.5174314209	-25.0306235437
-65.5169361853	-25.0311041761
-65.5166314249	-25.0316878011
-65.5164028546	-25.0322714261
-65.5160980942	-25.0327863893
-65.5156028585	-25.0330953673
-65.5149552427	-25.0331296982
-65.5142314367	-25.0330953673
-65.5134695357	-25.0330953673
-65.5127076347	-25.0331640291
-65.5119457337	-25.0333700144
-65.5111838327	-25.0336789923
-65.5104219317	-25.0339879703
-65.5096600307	-25.0341596247
-65.5088981297	-25.0342969482
-65.5081362287	-25.0346402570
-65.5073743277	-25.0351208894
-65.5066124267	-25.0356358527
-65.5058505257	-25.0360821541
-65.5050886247	-25.0363224703
-65.5043267237	-25.0364597939
-65.5036029177	-25.0365971174
-65.5029553018	-25.0368374336
-65.5024219711	-25.0372837351
-65.5020410206	-25.0378330292
-65.5016600701	-25.0383479924
-65.5011267394	-25.0387256322
-65.4989934166	-25.0390002792
-65.4982315156	-25.0393779189
-65.4975077097	-25.0399272131
-65.4968219988	-25.0405794999
-65.4962505730	-25.0412661175
-65.4958315275	-25.0419527352
-65.4954886720	-25.0426393529
-65.4952601017	-25.0433259705
-65.4950696264	-25.0440125882
-65.4948029611	-25.0446992059
-65.4943839155	-25.0453858235
-65.4938886799	-25.0460724412
-65.4933934442	-25.0467590589
-65.4927839234	-25.0474456765
-65.4920982125	-25.0480979633
-65.4913744066	-25.0487159192
-65.4906506006	-25.0492652133
-65.4900029848	-25.0497458457
-65.4894696541	-25.0502951398
-65.4890887036	-25.0508787649
-65.4887077531	-25.0514623899
-65.4881744224	-25.0519773531
-65.4875268065	-25.0523893237
-65.4868030006	-25.0527669634
-65.4860410995	-25.0531102723
-65.4852791985	-25.0534879120
-65.4845172975	-25.0538998826
-65.4837553965	-25.0544148458
-65.4829934955	-25.0550328017
-65.4822315945	-25.0556850885
-65.4814696935	-25.0563030444
-65.4807077925	-25.0568180077
-65.4799458915	-25.0571613165
-65.4791839905	-25.0572986400
-65.4784220895	-25.0575046253
-65.4776601885	-25.0579165959
-65.4768982875	-25.0584658901
-65.4761363865	-25.0591181768
-65.4753744855	-25.0598047945
-65.4746125845	-25.0604570813
-65.4738506835	-25.0610407063
-65.4730887825	-25.0614870078
-65.4723268815	-25.0617616549
-65.4715649805	-25.0619676402
-65.4708030795	-25.0622422872
-65.4700411785	-25.0626542578
-65.4692792775	-25.0631692211
-65.4685173764	-25.0636841843
-65.4677554754	-25.0641304858
-65.4669935744	-25.0646111182
-65.4662316734	-25.0650574197
-65.4654697724	-25.0654350594
-65.4647078714	-25.0658126991
-65.4639459704	-25.0661216770
-65.4631840694	-25.0663963241
-65.4624221684	-25.0665679785
-65.4616602674	-25.0666023094
-65.4608983664	-25.0665679785
-65.4601364654	-25.0664306550
-65.4593745644	-25.0662246697
-65.4586126634	-25.0660873462
-65.4578507624	-25.0660186844
-65.4570888614	-25.0659843535
-65.4563269604	-25.0660186844
-65.4555650594	-25.0661216770
-65.4548031584	-25.0663619932
-65.4540412574	-25.0667739638
-65.4532793564	-25.0672545962
-65.4525174554	-25.0676665668
-65.4517555544	-25.0679068830
-65.4509936533	-25.0680098756
-65.4502317523	-25.0680442065
-65.4494698513	-25.0680442065
-65.4487079503	-25.0680442065
-65.4479460493	-25.0680785374
-65.4471841483	-25.0681471992
-65.4464222473	-25.0682845227
-65.4456603463	-25.0685248389
-65.4448984453	-25.0686964933
-65.4441365443	-25.0688338168
-65.4433746433	-25.0689711404
-65.4426127423	-25.0689711404
-65.4418508413	-25.0690741330
-65.4410889403	-25.0693144492
-65.4403270393	-25.0695890963
-65.4395651383	-25.0699667360
-65.4388032373	-25.0703443757
-65.4380413363	-25.0707563463
-65.4372794353	-25.0711683169
-65.4365175343	-25.0714772948
-65.4357937283	-25.0718206037
-65.4351461125	-25.0723012360
-65.4346127818	-25.0728848611
-65.4342318313	-25.0735371478
-65.4338508807	-25.0742237655
-65.4333175500	-25.0748760523
-65.4326699342	-25.0754940082
-65.4319842233	-25.0760433023
-65.4313747025	-25.0765239347
-65.4309556569	-25.0770732288
-65.4308032767	-25.0776911847
-65.4306889916	-25.0790300892
-65.4303461361	-25.0797167068
-65.4293937599	-25.0809526186
-65.4287842391	-25.0813989201
-65.4280985282	-25.0816735672
-65.4274128173	-25.0818795525
-65.4267271064	-25.0821541996
-65.4249747340	-25.0836990893
-65.4242890231	-25.0841453908
-65.4235652172	-25.0844200379
-65.4228033162	-25.0845916923
-65.4220414152	-25.0847976776
-65.4212795142	-25.0851066555
-65.4205176132	-25.0854842952
-65.4197557122	-25.0859649276
-65.4189938112	-25.0864798908
-65.4182319102	-25.0868918614
-65.4174700092	-25.0871321776
-65.4167081082	-25.0872351703
-65.4159462071	-25.0872695012
-65.4151843061	-25.0872695012
-65.4144224051	-25.0873038320
-65.4136605041	-25.0874068247
-65.4128986031	-25.0876471409
-65.4121367021	-25.0880247806
-65.4113748011	-25.0884367512
-65.4106129001	-25.0887457291
-65.4098509991	-25.0888830527
-65.4090890981	-25.0890890380
-65.4083271971	-25.0895010086
-65.4075652961	-25.0900503027
-65.4060414941	-25.0913548763
-65.4052795931	-25.0919728322
-65.4045176921	-25.0924877954
-65.4037557911	-25.0928654351
-65.4029938901	-25.0931744131
-65.4022319891	-25.0933803984
-65.4014700881	-25.0935520528
-65.4007081871	-25.0938266999
-65.3999462861	-25.0942730014
-65.3991843851	-25.0948566264
-65.3984224840	-25.0955089132
-65.3976605830	-25.0961611999
-65.3968986820	-25.0967448250
-65.3961367810	-25.0971911264
-65.3953748800	-25.0974657735
-65.3940415533	-25.0979464059
-65.3936225077	-25.0983927074
-65.3935082226	-25.0989763324
-65.3939653632	-25.1010018545
-65.3946129790	-25.1023750898
-65.3949939295	-25.1030617075
-65.3952605949	-25.1037483252
-65.3956796404	-25.1051215605
-65.3965939216	-25.1071814135
-65.3967843969	-25.1078680312
-65.3968605870	-25.1085546488
-65.3968986820	-25.1092412665
-65.3968605870	-25.1099278842
-65.3967843969	-25.1106145018
-65.3966320167	-25.1113011195
-65.3963653513	-25.1119877371
-65.3961748761	-25.1126743548
-65.3960224959	-25.1133609725
-65.3959082107	-25.1140475901
-65.3959844008	-25.1147342078
-65.3960986860	-25.1154208255
-65.3962510662	-25.1161074431
-65.3965177315	-25.1167940608
-65.3968605870	-25.1174806785
-65.3971653474	-25.1181672961
-65.3972796325	-25.1188539138
-65.3973177276	-25.1202271491
-65.3979653434	-25.1216003845
-65.3991843851	-25.1229736198
-65.3997939059	-25.1236602375
-65.4002891415	-25.1243468551
-65.4005558069	-25.1250334728
-65.4006319970	-25.1257200905
-65.4004796168	-25.1270933258
-65.4003653316	-25.1277799435
-65.4004415217	-25.1284665611
-65.4007843772	-25.1291531788
-65.4017367534	-25.1305264141
-65.4023462742	-25.1312130318
-65.4029938901	-25.1318996495
-65.4041367416	-25.1332728848
-65.4045176921	-25.1339595025
-65.4048605475	-25.1346461201
-65.4053176881	-25.1353327378
-65.4057748287	-25.1360193555
-65.4069557753	-25.1380792085
-65.4074510109	-25.1394524438
-65.4076033911	-25.1421989145
-65.4077176763	-25.1428855321
-65.4079843417	-25.1435378189
-65.4084795773	-25.1441557748
-65.4091271932	-25.1446707381
-65.4113367061	-25.1456663337
-65.4119843219	-25.1459753116
-65.4124795576	-25.1464559440
-65.4133176487	-25.1483441426
-65.4138128843	-25.1489277676
-65.4144605002	-25.1494084000
-65.4159462071	-25.1500950176
-65.4173557240	-25.1511592750
-65.4213937993	-25.1559312678
-65.4228033162	-25.1573045031
-65.4265747262	-25.1607375915
-65.4277175777	-25.1621108268
-65.4279461480	-25.1627974445
-65.4279461480	-25.1634840621
-65.4277175777	-25.1641706798
-65.4262699658	-25.1662305328
-65.4259652054	-25.1669171504
-65.4257747301	-25.1676037681
-65.4255842549	-25.1682903858
-65.4253175895	-25.1689770034
-65.4251271142	-25.1696636211
-65.4248604489	-25.1710368564
-65.4248985439	-25.1724100918
-65.4244414033	-25.1744699448
-65.4241747380	-25.1765297978
-65.4234890271	-25.1785896508
-65.4235652172	-25.1792762684
-65.4237937875	-25.1799628861
-65.4247842588	-25.1820227391
-65.4252033043	-25.1833959744
-65.4255080648	-25.1840825921
-65.4260033004	-25.1847692098
-65.4286318589	-25.1875156804
-65.4307651817	-25.1902621511
-65.4310318470	-25.1909487688
-65.4311461322	-25.1916353864
-65.4310318470	-25.1930086218
-65.4307651817	-25.1936952394
-65.4294318549	-25.1957550924
-65.4293175698	-25.1964417101
-65.4296985203	-25.1978149454
-65.4300413757	-25.1985015631
-65.4305747064	-25.1991538499
-65.4312223223	-25.1997718058
-65.4325556490	-25.2008017323
-65.4330508847	-25.2013510264
-65.4333175500	-25.2019689823
-65.4334318352	-25.2026212691
-65.4334699302	-25.2067409751
-65.4334318352	-25.2074275928
-65.4333175500	-25.2081142104
-65.4330508847	-25.2088008281
-65.4319080332	-25.2101740634
-65.4281366232	-25.2136071518
-65.4267652014	-25.2149803871
-65.4262699658	-25.2156670048
-65.4260033004	-25.2163536224
-65.4256985400	-25.2176925269
-65.4254318747	-25.2182761519
-65.4249366390	-25.2187224534
-65.4242890231	-25.2189627695
-65.4235652172	-25.2190657622
-65.4197557122	-25.2194090710
-65.4189938112	-25.2193404093
-65.4167081082	-25.2184478063
-65.4151843061	-25.2180015048
-65.4144605002	-25.2179671739
-65.4138128843	-25.2181388283
-65.4133176487	-25.2185507989
-65.4130509833	-25.2191344240
-65.4129366982	-25.2197867107
-65.4128986031	-25.2245930344
-65.4128605081	-25.2252796521
-65.4128224130	-25.2259662697
-65.4127462229	-25.2266528874
-65.4121367021	-25.2273395051
-65.4113748011	-25.2280261227
END
3
-65.4304223262	-24.8085027287
-65.4296604252	-24.8085027287
-65.4288985242	-24.8085027287
-65.4281366232	-24.8085027287
-65.4243271182	-24.8085027287
-65.4228033162	-24.8086400522
-65.4220414152	-24.8088803684
-65.4212795142	-24.8092923390
-65.4197557122	-24.8103222655
-65.4174700092	-24.8115925082
-65.4167081082	-24.8117984935
-65.4159462071	-24.8119014861
-65.4151843061	-24.8119358170
-65.4144224051	-24.8119358170
-65.4136605041	-24.8119358170
-65.4128986031	-24.8119701479
-65.4113748011	-24.8123134567
-65.4090890981	-24.8137210229
-65.4083271971	-24.8141329935
-65.4075652961	-24.8145449641
-65.4068033951	-24.8149569347
-65.4037557911	-24.8173257657
-65.4029938901	-24.8178407289
-65.3999462861	-24.8195916040
-65.3991843851	-24.8202095599
-65.3968986820	-24.8222350820
-65.3961367810	-24.8229216997
-65.3954129751	-24.8236083173
-65.3947272642	-24.8242949350
-65.3935844127	-24.8255308468
-65.3929748919	-24.8259428174
-65.3922891810	-24.8260801409
-65.3915653750	-24.8259428174
-65.3908034740	-24.8255308468
-65.3900415730	-24.8249815527
-65.3885177710	-24.8239516262
-65.3854701670	-24.8226127217
-65.3847082660	-24.8225097291
-65.3839463650	-24.8226470526
-65.3831844640	-24.8230590232
-65.3824225630	-24.8236426482
-65.3810511411	-24.8249815527
-65.3805559055	-24.8256681703
-65.3802892401	-24.8263547880
-65.3800225748	-24.8284146410
-65.3791082936	-24.8325343470
-65.3788797233	-24.8332209647
-65.3787273431	-24.8339075823
-65.3785749629	-24.8359674353
-65.3784606777	-24.8366540530
-65.3782321074	-24.8373406707
-65.3774702064	-24.8387139060
-65.3769368757	-24.8407737590
-65.3766702104	-24.8414603767
-65.3749559331	-24.8435202297
-65.3744606975	-24.8442068473
-65.3741940321	-24.8448934650
-65.3740416519	-24.8462667003
-65.3740035569	-24.8510730240
-65.3736607014	-24.8524462593
-65.3729368955	-24.8538194946
-65.3727845152	-24.8545061123
-65.3730130856	-24.8565316344
-65.3728226103	-24.8571152594
-65.3723654697	-24.8575958918
-65.3711464281	-24.8582825095
-65.3706511924	-24.8587631418
-65.3704226221	-24.8593467669
-65.3703845271	-24.8599990536
-65.3704988122	-24.8606856713
-65.3711083330	-24.8627455243
-65.3721368994	-24.8648053773
-65.3723654697	-24.8654919950
-65.3724797548	-24.8661786126
-65.3725178499	-24.8668652303
-65.3725178499	-24.8675518480
-65.3722892796	-24.8702983186
-65.3725178499	-24.8730447893
-65.3725178499	-24.8737314070
-65.3725178499	-24.8744180246
-65.3725178499	-24.8751046423
-65.3725178499	-24.8757912600
-65.3725178499	-24.8764778776
-65.3725559449	-24.8771644953
-65.3726702301	-24.8778511130
-65.3729368955	-24.8785377306
-65.3734321311	-24.8792243483
-65.3752606935	-24.8812842013
-65.3760225945	-24.8826574366
-65.3762130698	-24.8833440543
-65.3763273549	-24.8847172896
-65.3762892599	-24.8860905250
-65.3759464044	-24.8874637603
-65.3752225985	-24.8888369956
-65.3751083133	-24.8894892824
-65.3752606935	-24.8900729074
-65.3757178341	-24.8905535398
-65.3770892559	-24.8912401575
-65.3793749589	-24.8926133928
-65.3808606659	-24.8933000105
-65.3815082817	-24.8937806428
-65.3820035174	-24.8943642678
-65.3822701828	-24.8950165546
-65.3826892283	-24.8984496430
-65.3829558937	-24.8991362606
-65.3835654145	-24.9005094960
-65.3847463610	-24.9017454077
-65.3854701670	-24.9022260401
-65.3869558739	-24.9029126578
-65.3875653947	-24.9033932901
-65.3879463452	-24.9039769152
-65.3879463452	-24.9046292019
-65.3875653947	-24.9052814887
-65.3869558739	-24.9058994446
-65.3862320680	-24.9064487388
-65.3854701670	-24.9069293711
-65.3847082660	-24.9074786653
-65.3839844600	-24.9080966212
-65.3833749392	-24.9087489079
-65.3829558937	-24.9094355256
-65.3828035135	-24.9101221433
-65.3828035135	-24.9114953786
-65.3825368481	-24.9128686139
-65.3824606580	-24.9135552316
-65.3824225630	-24.9142418493
-65.3823844679	-24.9149284669
-65.3822701828	-24.9156150846
-65.3820797075	-24.9163017023
-65.3815463768	-24.9176749376
-65.3815463768	-24.9183615553
-65.3816225669	-24.9190481729
-65.3817368521	-24.9197347906
-65.3823082778	-24.9217946436
-65.3822701828	-24.9231678789
-65.3820035174	-24.9238544966
-65.3803273352	-24.9259143496
-65.3799463847	-24.9266009673
-65.3799082896	-24.9272875849
-65.3801749550	-24.9279742026
-65.3805559055	-24.9286608203
-65.3808606659	-24.9293474379
-65.3811273312	-24.9300340556
-65.3813939966	-24.9307206733
-65.3815082817	-24.9314072909
-65.3814701867	-24.9320939086
-65.3812797114	-24.9327805263
-65.3805178104	-24.9341537616
-65.3803273352	-24.9348403793
-65.3803273352	-24.9355269969
-65.3805178104	-24.9362136146
-65.3812797114	-24.9375868499
-65.3815082817	-24.9382734676
-65.3816225669	-24.9396467029
-65.3815463768	-24.9403333206
-65.3813559015	-24.9410199383
-65.3810130461	-24.9416722250
-65.3805940005	-24.9422901809
-65.3788035332	-24.9438694016
-65.3783844876	-24.9444873575
-65.3782702025	-24.9451396443
-65.3785749629	-24.9471994973
-65.3786130579	-24.9478861149
-65.3786130579	-24.9485727326
-65.3786130579	-24.9492593503
-65.3786130579	-24.9499459679
-65.3786130579	-24.9506325856
-65.3787654381	-24.9519714900
-65.3790321035	-24.9525894459
-65.3807463807	-24.9541686666
-65.3812416164	-24.9547866225
-65.3815082817	-24.9554389092
-65.3815463768	-24.9568121446
-65.3810130461	-24.9588719976
-65.3809749510	-24.9595586152
-65.3810511411	-24.9602452329
-65.3813178065	-24.9609318506
-65.3818130422	-24.9616184682
-65.3824606580	-24.9622707550
-65.3839463650	-24.9634380051
-65.3846701709	-24.9639186374
-65.3852796917	-24.9644679316
-65.3856987373	-24.9650858875
-65.3858130224	-24.9657381742
-65.3856987373	-24.9664247919
-65.3855844521	-24.9671114096
-65.3855463571	-24.9677980272
-65.3855844521	-24.9684846449
-65.3856987373	-24.9691712626
-65.3858511175	-24.9698578802
-65.3858511175	-24.9705444979
-65.3856225472	-24.9719177332
-65.3856606422	-24.9726043509
-65.3858511175	-24.9732909686
-65.3862320680	-24.9739775862
-65.3865749234	-24.9746642039
-65.3866892086	-24.9753508216
-65.3865368284	-24.9760374392
-65.3857368323	-24.9774106746
-65.3855463571	-24.9780972922
-65.3857368323	-24.9787839099
-65.3865749234	-24.9801571452
-65.3868415888	-24.9808437629
-65.3869558739	-24.9815303806
-65.3869939690	-24.9822169982
-65.3871463492	-24.9835902336
-65.3874130145	-24.9842768512
-65.3879082502	-24.9849634689
-65.3885558660	-24.9856157557
-65.3914510899	-24.9878129322
-65.3920225156	-24.9884308881
-65.3927844166	-24.9897697926
-65.3929748919	-24.9904564102
-65.3930891770	-24.9918296456
-65.3930891770	-24.9925162632
-65.3930891770	-24.9932028809
-65.3930891770	-24.9938894986
-65.3930891770	-24.9945761162
-65.3930891770	-24.9966359692
-65.3927463216	-24.9993824399
-65.3928606067	-25.0000347267
-65.3932796523	-25.0006526826
-65.3943082186	-25.0016826091
-65.3945367889	-25.0022319032
-65.3943082186	-25.0028498591
-65.3938129830	-25.0035021459
-65.3932796523	-25.0041887636
-65.3928987018	-25.0048410503
-65.3928987018	-25.0054590062
-65.3932796523	-25.0060083004
-65.3938129830	-25.0064889327
-65.3943463137	-25.0070382269
-65.3947272642	-25.0076561828
-65.3951082147	-25.0089950872
-65.3955653553	-25.0096817049
-65.3961748761	-25.0103339917
-65.3982701038	-25.0119818741
-65.3987653395	-25.0125311682
-65.3990320048	-25.0131491241
-65.3991462900	-25.0138014109
-65.3991462900	-25.0151746462
-65.3991081949	-25.0158612639
-65.3990700999	-25.0165478815
-65.3991081949	-25.0172001683
-65.3994510504	-25.0178181242
-65.4000224762	-25.0183330875
-65.4014319930	-25.0191570287
-65.4020415138	-25.0195689993
-65.4024605594	-25.0200839625
-65.4025748445	-25.0207019184
-65.4024986544	-25.0213542052
-65.4024986544	-25.0220408229
-65.4026891297	-25.0227274405
-65.4038319812	-25.0247872935
-65.4037938861	-25.0268471465
-65.4037176960	-25.0275337642
-65.4036034109	-25.0282203819
-65.4033367455	-25.0289069995
-65.4028796049	-25.0295936172
-65.4023462742	-25.0302802349
-65.4018891336	-25.0309668525
-65.4016224683	-25.0316534702
-65.4015081831	-25.0323400879
-65.4014700881	-25.0330267055
-65.4014700881	-25.0398928822
-65.4013177079	-25.0412661175
-65.4010510425	-25.0419527352
-65.4005558069	-25.0426393529
-65.3985748642	-25.0446992059
-65.3966979980	-25.0444107056
-65.3966979980	-25.0444107056
-65.3965530396	-25.0445842743
-65.3964996338	-25.0453243256
-65.3954696655	-25.0459136963
-65.3953552246	-25.0468006134
-65.3941040039	-25.0486240387
-65.3935089111	-25.0485210419
-65.3925323486	-25.0485191345
-65.3915557861	-25.0490036011
-65.3906402588	-25.0486583710
-65.3894958496	-25.0490455627
-65.3882598877	-25.0484523773
-65.3872299194	-25.0483474731
-65.3863601685	-25.0483436584
-65.3853912354	-25.0481414795
-65.3840942383	-25.0483341217
-65.3830032349	-25.0493183136
-65.3825607300	-25.0504970551
-65.3830947876	-25.0516357422
-65.3839569092	-25.0531177521
-65.3844909668	-25.0546493530
-65.3849716187	-25.0561332703
-65.3853988647	-25.0576152802
-65.3860321045	-25.0590305328
-65.3861923218	-25.0600662231
-65.3858642578	-25.0612487793
-65.3860702515	-25.0630722046
-65.3854675293	-25.0643043518
-65.3864898682	-25.0659751892
-65.3870239258	-25.0668640137
-65.3873443604	-25.0681991577
-65.3879852295	-25.0695323944
-65.3891143799	-25.0711174011
-65.3898696899	-25.0722999573
-65.3912124634	-25.0734462738
-65.3914794922	-25.0743312836
-65.3908233643	-25.0754146576
-65.3900604248	-25.0759048462
-65.3891983032	-25.0760993958
-65.3885498047	-25.0757503510
-65.3874664307	-25.0760917664
-65.3866500854	-25.0766830444
-65.3867034912	-25.0774707794
-65.3859405518	-25.0780563354
-65.3855590820	-25.0788974762
-65.3855514526	-25.0799293518
-65.3857116699	-25.0809421539
-65.3865661621	-25.0819339752
-65.3872146606	-25.0826282501
-65.3870468140	-25.0838088989
-65.3872070313	-25.0846004486
-65.3876876831	-25.0854892731
-65.3870849609	-25.0867710114
-65.3869171143	-25.0882492065
-65.3869094849	-25.0890388489
-65.3888549805	-25.0910682678
-65.3881988525	-25.0921478271
-65.3884658813	-25.0926494598
-65.3898162842	-25.0935897827
-65.3911132813	-25.0937442780
-65.3919754028	-25.0940456390
-65.3923034668	-25.0944862366
-65.3917007446	-25.0951728821
-65.3936225077	-25.0983927074
END
END
