1
-65.3282546997	-25.2681159973
-65.3287353516	-25.2689476013
-65.3292160034	-25.2697505951
-65.3291549683	-25.2701129913
-65.3274459839	-25.2717876434
-65.3262252808	-25.2730102539
-65.3258666992	-25.2732696533
-65.3250122070	-25.2736473083
-65.3241577148	-25.2739677429
-65.3237304688	-25.2740325928
-65.3233718872	-25.2739810944
-65.3226699829	-25.2736396790
-65.3223876953	-25.2734146118
-65.3219528198	-25.2728347778
-65.3217010498	-25.2726440430
-65.3215332031	-25.2726020813
-65.3196182251	-25.2727851868
-65.3178329468	-25.2727775574
-65.3157730103	-25.2721862793
-65.3134994507	-25.2718486786
-65.3124313354	-25.2724246979
-65.3109359741	-25.2735843658
-65.3091506958	-25.2744197845
-65.3069458008	-25.2744731903
-65.3036270142	-25.2754726410
-65.3013534546	-25.2755889893
-65.3006362915	-25.2763614655
-65.3006286621	-25.2772693634
-65.3006210327	-25.2786903381
-65.3001174927	-25.2792072296
-65.3000411987	-25.2799224854
-65.2989807129	-25.2799797058
-65.2979049683	-25.2814617157
-65.2984619141	-25.2825679779
-65.2988128662	-25.2838611603
-65.2996597290	-25.2848987579
-65.3010025024	-25.2863311768
-65.3029785156	-25.2888622284
-65.3029022217	-25.2906780243
-65.3011093140	-25.2926082611
-65.3011703491	-25.2941589355
-65.3003768921	-25.2959041595
-65.2991638184	-25.2971229553
-65.2968215942	-25.2976608276
-65.2957458496	-25.2973022461
-65.2910690308	-25.2940464020
-65.2892303467	-25.2928714752
-65.2884521484	-25.2917728424
-65.2870101929	-25.2902297974
-65.2851638794	-25.2891845703
-65.2842407227	-25.2884674072
-65.2827529907	-25.2884597778
-65.2808303833	-25.2884540558
-65.2792663574	-25.2881889343
-65.2774200439	-25.2877254486
-65.2766418457	-25.2872676849
-65.2742233276	-25.2871303558
-65.2725143433	-25.2878952026
-65.2713012695	-25.2887306213
-65.2712936401	-25.2895069122
-65.2707214355	-25.2904090881
-65.2698669434	-25.2904090881
-65.2697296143	-25.2898883820
-65.2695159912	-25.2889804840
-65.2688827515	-25.2878799438
-65.2678222656	-25.2872924805
-65.2675399780	-25.2862529755
-65.2667007446	-25.2846965790
-65.2652816772	-25.2839107513
-65.2645034790	-25.2834587097
-65.2635803223	-25.2830619812
-65.2625885010	-25.2827968597
-65.2620849609	-25.2837028503
-65.2612304688	-25.2834415436
-65.2600250244	-25.2828502655
-65.2597274780	-25.2827701569
-65.2597274780	-25.2827701569
-65.2574707982	-25.2822689184
-65.2573184180	-25.2815823007
-65.2559089012	-25.2804837124
-65.2544231942	-25.2797970948
-65.2513755902	-25.2792821315
-65.2506136892	-25.2790761462
-65.2498517882	-25.2789044918
-65.2490898872	-25.2787328374
-65.2483279862	-25.2784581903
-65.2468041842	-25.2774282638
-65.2437565802	-25.2748191167
-65.2422327782	-25.2738921828
-65.2415089722	-25.2734802122
-65.2408232613	-25.2730682416
-65.2402518355	-25.2725532784
-65.2394518395	-25.2712830357
-65.2378899424	-25.2671633297
-65.2376232771	-25.2664767121
-65.2372804216	-25.2657900944
-65.2367470909	-25.2651034767
-65.2360994751	-25.2644168591
-65.2346137681	-25.2631809473
-65.2338518671	-25.2627346458
-65.2316042591	-25.2619793663
-65.2309185482	-25.2615330649
-65.2303471225	-25.2609494398
-65.2284042749	-25.2582373001
-65.2253566709	-25.2548042117
-65.2233376332	-25.2527443587
-65.2228043025	-25.2520577411
-65.2213947857	-25.2493112704
-65.2198709837	-25.2472514174
-65.2169757599	-25.2438526599
-65.2155662430	-25.2427197408
-65.2140424410	-25.2419987923
-65.2132805400	-25.2417584761
-65.2125186390	-25.2415181599
-65.2117948330	-25.2411748511
-65.2111472172	-25.2407972113
-65.2106519815	-25.2402822481
-65.2103853162	-25.2396642922
-65.2103091261	-25.2390120054
-65.2103472211	-25.2383253877
-65.2106138865	-25.2369521524
-65.2105757914	-25.2362655347
-65.2099662706	-25.2348922994
-65.2084424686	-25.2328324464
-65.2071472369	-25.2314935420
-65.2056615299	-25.2303606228
-65.2048996289	-25.2299486522
-65.2035663022	-25.2291247110
-65.2031853517	-25.2286440786
-65.2031853517	-25.2280947845
-65.2035663022	-25.2275798213
-65.2047472487	-25.2265498948
-65.2052043893	-25.2259319389
-65.2053948646	-25.2252796521
-65.2053567695	-25.2245930344
-65.2045567735	-25.2225331814
-65.2040996329	-25.2218465637
-65.2031091616	-25.2204733284
-65.2005186982	-25.2177268577
-65.2001377477	-25.2170402401
-65.2000996526	-25.2163536224
-65.2007091734	-25.2149803871
-65.2008996487	-25.2142937694
-65.2009377437	-25.2136071518
-65.2007853635	-25.2129205341
-65.1998710823	-25.2108606811
-65.1996806071	-25.2101740634
-65.1995282269	-25.2074275928
-65.1994520368	-25.2067409751
-65.1992615615	-25.2060543574
-65.1984996605	-25.2047154530
-65.1979282348	-25.2040974971
-65.1960234822	-25.2025182764
-65.1946139654	-25.2005614161
-65.1939663495	-25.1978149454
-65.1937377792	-25.1971283278
-65.1931663535	-25.1943818571
-65.1914901713	-25.1909487688
-65.1912996960	-25.1902621511
-65.1912235059	-25.1895755334
-65.1911854109	-25.1888889158
-65.1911473158	-25.1882022981
-65.1910330307	-25.1875156804
-65.1907663653	-25.1868290628
-65.1902711297	-25.1861767760
-65.1896235138	-25.1855931510
-65.1888997079	-25.1851468495
-65.1866140048	-25.1843915701
-65.1858521038	-25.1839452686
-65.1820425988	-25.1807524964
-65.1812806978	-25.1802375332
-65.1797568958	-25.1795509155
-65.1789949948	-25.1793792611
-65.1774711928	-25.1793105993
-65.1744235888	-25.1797569008
-65.1728997868	-25.1794822537
-65.1713759848	-25.1789329596
-65.1699664679	-25.1778687022
-65.1693950421	-25.1772164154
-65.1680236203	-25.1751565624
-65.1663474381	-25.1730967094
-65.1655474421	-25.1717234741
-65.1647855411	-25.1696636211
-65.1646331609	-25.1689770034
-65.1645188757	-25.1676037681
-65.1645188757	-25.1662305328
-65.1644807807	-25.1634840621
-65.1643664955	-25.1627974445
-65.1641379252	-25.1621108268
-65.1637188797	-25.1614242091
-65.1627284084	-25.1600853047
-65.1621188875	-25.1595016797
-65.1614331766	-25.1590553782
-65.1607093707	-25.1587807311
-65.1591855687	-25.1584030914
-65.1577760518	-25.1577164737
-65.1572427211	-25.1572015105
-65.1569379607	-25.1565835546
-65.1568236756	-25.1559312678
-65.1570522459	-25.1552446501
-65.1579284320	-25.1538714148
-65.1597950895	-25.1518115618
-65.1602903251	-25.1511249441
-65.1605569905	-25.1504383265
-65.1606712756	-25.1497517088
-65.1607474657	-25.1490650911
-65.1608236558	-25.1483784735
-65.1612046063	-25.1470052381
-65.1614331766	-25.1456320028
-65.1614712717	-25.1421989145
-65.1614331766	-25.1415122968
-65.1612046063	-25.1401390615
-65.1609379410	-25.1394524438
-65.1603284202	-25.1380792085
-65.1588427132	-25.1360193555
-65.1581189073	-25.1339595025
-65.1564427251	-25.1305264141
-65.1557189191	-25.1284665611
-65.1545760676	-25.1270933258
-65.1509189428	-25.1236602375
-65.1503094220	-25.1229736198
-65.1493189507	-25.1216003845
-65.1488999051	-25.1209137668
-65.1486713348	-25.1202271491
-65.1485189546	-25.1188539138
-65.1486332398	-25.1174806785
-65.1490141903	-25.1161074431
-65.1491284754	-25.1154208255
-65.1490903804	-25.1147342078
-65.1488618101	-25.1140475901
-65.1483665744	-25.1133953034
-65.1477189586	-25.1127773475
-65.1469951526	-25.1122623842
-65.1462332516	-25.1118847445
-65.1454713506	-25.1115757665
-65.1447094496	-25.1114041121
-65.1439475486	-25.1113697812
-65.1431856476	-25.1114041121
-65.1424237466	-25.1115414357
-65.1416618456	-25.1117474210
-65.1408999446	-25.1118847445
-65.1393761426	-25.1118847445
-65.1386142416	-25.1117130901
-65.1378523406	-25.1114041121
-65.1370904396	-25.1110951342
-65.1363285386	-25.1107518254
-65.1355666375	-25.1105458401
-65.1348047365	-25.1106145018
-65.1325190335	-25.1111981268
-65.1317571325	-25.1112667886
-65.1302333305	-25.1113011195
-65.1287095285	-25.1113011195
-65.1271857265	-25.1113011195
-65.1264238255	-25.1113011195
-65.1256619245	-25.1113011195
-65.1249000235	-25.1113354504
-65.1241381225	-25.1114041121
-65.1233762215	-25.1115757665
-65.1210905185	-25.1123997077
-65.1203286175	-25.1125370313
-65.1188048155	-25.1123997077
-65.1165191124	-25.1116100974
-65.1157572114	-25.1115071048
-65.1142334094	-25.1117130901
-65.1134715084	-25.1117474210
-65.1127096074	-25.1115757665
-65.1111858054	-25.1106145018
-65.1104239044	-25.1100995386
-65.1096620034	-25.1097562297
-65.1089001024	-25.1097218989
-65.1074143954	-25.1101338695
-65.1067667796	-25.1100995386
-65.1062715439	-25.1097562297
-65.1059667835	-25.1092069356
-65.1057382132	-25.1085546488
-65.1054334528	-25.1078680312
-65.1049382172	-25.1072157444
-65.1042906013	-25.1066321194
-65.1035667954	-25.1061858179
-65.1028048944	-25.1059455017
-65.1020429934	-25.1058768399
-65.0997953854	-25.1061171561
-65.0991477695	-25.1060141635
-65.0986144388	-25.1056365237
-65.0982334883	-25.1051215605
-65.0978525378	-25.1045722664
-65.0973192071	-25.1041259649
-65.0966715913	-25.1038513178
-65.0936620823	-25.1031647001
-65.0921382803	-25.1030617075
-65.0890906763	-25.1029243840
-65.0883287753	-25.1027183987
-65.0868049733	-25.1020661119
-65.0860430723	-25.1019287883
-65.0852811713	-25.1019631192
-65.0837573693	-25.1022720972
-65.0799478642	-25.1026154060
-65.0776621612	-25.1034050163
-65.0746145572	-25.1055335311
-65.0730907552	-25.1062201488
-65.0723288542	-25.1063918032
-65.0692812502	-25.1066321194
-65.0685574442	-25.1068724355
-65.0679098284	-25.1073187370
-65.0673764977	-25.1079023620
-65.0661955511	-25.1105801709
-65.0658526956	-25.1111294651
-65.0653193649	-25.1115071048
-65.0646717491	-25.1115757665
-65.0624241411	-25.1109921415
-65.0616622401	-25.1109578107
-65.0593765371	-25.1114041121
-65.0586527312	-25.1116787592
-65.0580051153	-25.1121250607
-65.0574717846	-25.1127086857
-65.0567098836	-25.1140475901
-65.0562146479	-25.1147342078
-65.0551860816	-25.1161074431
-65.0544241806	-25.1174463476
-65.0538908499	-25.1180643035
-65.0532432340	-25.1186135976
-65.0509956261	-25.1199868330
-65.0494718241	-25.1206391197
-65.0479480220	-25.1208794359
-65.0456623190	-25.1209137668
-65.0449004180	-25.1209137668
-65.0441385170	-25.1209137668
-65.0433766160	-25.1209480977
-65.0426147150	-25.1210167595
-65.0418528140	-25.1211884139
-65.0410909130	-25.1214630609
-65.0403290120	-25.1217377080
-65.0395671110	-25.1220123551
-65.0388052100	-25.1221840095
-65.0357576060	-25.1223899948
-65.0349957050	-25.1225616492
-65.0342338040	-25.1228362963
-65.0334719030	-25.1231109433
-65.0327100020	-25.1233855904
-65.0319481010	-25.1235572448
-65.0311862000	-25.1236602375
-65.0296623979	-25.1239348845
-65.0281385959	-25.1245185096
-65.0266147939	-25.1253081199
-65.0235671899	-25.1275396273
-65.0228052889	-25.1278486052
-65.0220433879	-25.1278486052
-65.0205195859	-25.1276082891
-65.0197957799	-25.1274709655
-65.0191100690	-25.1275739582
-65.0185005482	-25.1279515979
-65.0179672175	-25.1285008920
-65.0173576967	-25.1291188479
-65.0159481799	-25.1301831053
-65.0136624769	-25.1309727156
-65.0121386748	-25.1312130318
-65.0098529718	-25.1313846862
-65.0068053678	-25.1304234215
-65.0060434668	-25.1304234215
-65.0052815658	-25.1304920833
-65.0045196648	-25.1306294068
-65.0037577638	-25.1309040539
-65.0022339618	-25.1319339804
-64.9976625558	-25.1358820319
-64.9969006548	-25.1363283334
-64.9961387538	-25.1365686496
-64.9946149517	-25.1367059731
-64.9938530507	-25.1366716423
-64.9930911497	-25.1365686496
-64.9923292487	-25.1363626643
-64.9915673477	-25.1360536864
-64.9908054467	-25.1358133702
-64.9900435457	-25.1358477011
-64.9892816447	-25.1361910099
-64.9885197437	-25.1367403040
-64.9877959378	-25.1373925908
-64.9871102268	-25.1380792085
-64.9855102347	-25.1401390615
-64.9850911892	-25.1408256791
-64.9848245238	-25.1415122968
-64.9843292882	-25.1428855321
-64.9828054862	-25.1456320028
-64.9822721555	-25.1463186205
-64.9809007337	-25.1475545323
-64.9794150267	-25.1483784735
-64.9787674109	-25.1487217823
-64.9782721752	-25.1492024147
-64.9780055098	-25.1497860397
-64.9778912247	-25.1504383265
-64.9778531296	-25.1511249441
-64.9777007494	-25.1524981795
-64.9774340841	-25.1531847971
-64.9769388484	-25.1538714148
-64.9762912326	-25.1545580325
-64.9740817197	-25.1566178855
-64.9734341038	-25.1573045031
-64.9729388682	-25.1579911208
-64.9721007771	-25.1600509738
-64.9716055414	-25.1607375915
-64.9709579256	-25.1614242091
-64.9702341196	-25.1621108268
-64.9679484166	-25.1641706798
-64.9671865156	-25.1648229666
-64.9656627136	-25.1658528931
-64.9649008126	-25.1660588784
-64.9641389116	-25.1660588784
-64.9633770106	-25.1658528931
-64.9610913076	-25.1644453268
-64.9595675055	-25.1637243783
-64.9573198976	-25.1631750842
-64.9566722817	-25.1632780768
-64.9561389510	-25.1636557165
-64.9548437193	-25.1655439151
-64.9534722975	-25.1669171504
-64.9519484955	-25.1681873931
-64.9511865945	-25.1687366873
-64.9496627925	-25.1697666138
-64.9466151885	-25.1721697756
-64.9450913865	-25.1729937168
-64.9443294855	-25.1733370256
-64.9435675845	-25.1735430109
-64.9428056834	-25.1738519889
-64.9420437824	-25.1741609668
-64.9405199804	-25.1745729374
-64.9397961745	-25.1748475845
-64.9391104636	-25.1752938860
-64.9385009428	-25.1758775110
-64.9375104715	-25.1772164154
-64.9368247606	-25.1785896508
-64.9362533348	-25.1806495038
-64.9360628596	-25.1827093568
-64.9355676239	-25.1840825921
-64.9354533388	-25.1847692098
-64.9355295289	-25.1861424451
-64.9354152437	-25.1868290628
-64.9350342932	-25.1875156804
-64.9345009625	-25.1882022981
-64.9339295367	-25.1888545849
-64.9333962060	-25.1894725408
-64.9327866852	-25.1899875040
-64.9313771684	-25.1907084526
-64.9298914614	-25.1912920776
-64.9292438456	-25.1917727100
-64.9287105149	-25.1923563350
-64.9283676594	-25.1930086218
-64.9278724238	-25.1943818571
-64.9277962337	-25.1950684748
-64.9282152792	-25.1971283278
-64.9282914693	-25.1978149454
-64.9283295644	-25.1985015631
-64.9283295644	-25.1991881808
-64.9283295644	-25.1998747984
-64.9282914693	-25.2005614161
-64.9281771842	-25.2012480338
-64.9279105188	-25.2019346514
-64.9274152832	-25.2026212691
-64.9267676673	-25.2033078868
-64.9245200593	-25.2052304162
-64.9237581583	-25.2057110486
-64.9222343563	-25.2063633354
-64.9191867523	-25.2079425560
-64.9162915285	-25.2091441369
-64.9158343879	-25.2096247693
-64.9156439126	-25.2102083943
-64.9156820077	-25.2108606811
-64.9159105780	-25.2115472988
-64.9161391483	-25.2122339164
-64.9163296235	-25.2129205341
-64.9165200988	-25.2136071518
-64.9165200988	-25.2142937694
-64.9163296235	-25.2149803871
-64.9161010532	-25.2156670048
-64.9157962928	-25.2163536224
-64.9149962968	-25.2177268577
-64.9139296354	-25.2218465637
-64.9137391601	-25.2225331814
-64.9134724948	-25.2232197991
-64.9130534492	-25.2239064167
-64.9120629779	-25.2252796521
-64.9094344195	-25.2280261227
-64.9085201383	-25.2293993581
-64.9081391877	-25.2300859757
-64.9076058570	-25.2307725934
-64.9069582412	-25.2314248802
-64.9062344352	-25.2320428361
-64.9041011124	-25.2336220567
-64.9035677817	-25.2342400126
-64.9031868312	-25.2348922994
-64.9028058807	-25.2355789171
-64.9022725500	-25.2362655347
-64.9016249342	-25.2369521524
-64.8948440152	-25.2431317114
-64.8941963994	-25.2438183291
-64.8937392588	-25.2445049467
-64.8935868786	-25.2451915644
-64.8937392588	-25.2458781821
-64.8945392548	-25.2472514174
-64.8947678251	-25.2479380351
-64.8946535400	-25.2486246527
-64.8943106845	-25.2499978881
-64.8943487796	-25.2506845057
-64.8946916350	-25.2520577411
-64.8948059202	-25.2534309764
-64.8947678251	-25.2616703884
-64.8945011598	-25.2630436237
-64.8937773538	-25.2644168591
-64.8928630726	-25.2657900944
-64.8925583122	-25.2664767121
-64.8920249815	-25.2678499474
-64.8918345063	-25.2692231827
-64.8920249815	-25.2705964180
-64.8946916350	-25.2802090654
-64.8947678251	-25.2815823007
-64.8946535400	-25.2822689184
-64.8944249697	-25.2829555360
-64.8940059241	-25.2836421537
-64.8930154528	-25.2850153890
-64.8924059320	-25.2856676758
-64.8909964152	-25.2868349259
-64.8894726131	-25.2878648524
-64.8887488072	-25.2884828083
-64.8880630963	-25.2891350950
-64.8874916705	-25.2898217127
-64.8851678725	-25.2932548010
-64.8844440665	-25.2946280364
-64.8837202606	-25.2966878894
-64.8832250249	-25.2973745070
-64.8818536031	-25.2986447497
-64.8810917021	-25.2991940438
-64.8803298011	-25.2996403453
-64.8795679001	-25.3000866468
-64.8788059991	-25.3004986174
-64.8780440981	-25.3008075954
-64.8772821971	-25.3011165733
-64.8749964941	-25.3024211469
-64.8727107910	-25.3042406837
-64.8689012860	-25.3076394411
-64.8673774840	-25.3087036985
-64.8658536820	-25.3093559853
-64.8650917810	-25.3097336250
-64.8643298800	-25.3100769339
-64.8635679790	-25.3102829192
-64.8620441770	-25.3104202427
-64.8589965730	-25.3104545736
-64.8574727710	-25.3107978824
-64.8567108700	-25.3112441839
-64.8544251669	-25.3130293898
-64.8536632659	-25.3134756913
-64.8529013649	-25.3137160075
-64.8506156619	-25.3141279781
-64.8490918599	-25.3148145958
-64.8483299589	-25.3152952281
-64.8475680579	-25.3158445223
-64.8460442559	-25.3168401179
-64.8445204539	-25.3180073679
-64.8430347469	-25.3193462724
-64.8418918954	-25.3207195077
-64.8405585687	-25.3241525960
-64.8404442835	-25.3248392137
-64.8402157132	-25.3255258313
-64.8397585726	-25.3262124490
-64.8391490518	-25.3268990667
-64.8384633409	-25.3275856843
-64.8377776300	-25.3282723020
-64.8372062042	-25.3289589197
-64.8367871587	-25.3296455373
-64.8364062082	-25.3303321550
-64.8361395428	-25.3310187727
-64.8359109725	-25.3317053903
-64.8356443072	-25.3323920080
-64.8354919270	-25.3330786257
-64.8352252616	-25.3344518610
-64.8349585963	-25.3351384787
-64.8344633606	-25.3358250963
-64.8338157448	-25.3364773831
-64.8309205210	-25.3386745597
-64.8303490952	-25.3392925156
-64.8295871942	-25.3406314200
-64.8291300536	-25.3426569421
-64.8288633882	-25.3432748980
-64.8283681526	-25.3438241922
-64.8271110159	-25.3448541187
-64.8253586436	-25.3467079864
-64.8246729327	-25.3472572805
-64.8239491268	-25.3477379129
-64.8231872258	-25.3482528761
-64.8224253248	-25.3488021702
-64.8216634238	-25.3492828026
-64.8201396217	-25.3499694203
-64.8193777207	-25.3501410747
-64.8186158197	-25.3502440673
-64.8178539187	-25.3503813909
-64.8170920177	-25.3505873762
-64.8163301167	-25.3508963541
-64.8155682157	-25.3511366703
-64.8148063147	-25.3511023394
-64.8140444137	-25.3507933615
-64.8125206117	-25.3499350894
-64.8117587107	-25.3496947732
-64.8102349087	-25.3495917805
-64.8087111067	-25.3497977658
-64.8064254037	-25.3505530453
-64.8034158947	-25.3521665968
-64.8027682788	-25.3525785674
-64.8022349481	-25.3530935306
-64.8018539976	-25.3536771557
-64.8014730471	-25.3542264498
-64.8009397164	-25.3546727513
-64.7988063936	-25.3552907072
-64.7980444926	-25.3555310234
-64.7972825916	-25.3557713395
-64.7965206906	-25.3560803175
-64.7942349876	-25.3575565455
-64.7927111856	-25.3583461558
-64.7919492846	-25.3586208029
-64.7889016806	-25.3589641117
-64.7881397796	-25.3588954499
-64.7873778786	-25.3587237955
-64.7866159776	-25.3585864720
-64.7850921755	-25.3585178102
-64.7835683735	-25.3588611190
-64.7828445676	-25.3593074205
-64.7821969517	-25.3598910455
-64.7816636210	-25.3605433323
-64.7812826705	-25.3612299500
-64.7809017200	-25.3619165677
-64.7803683893	-25.3625345236
-64.7797207735	-25.3630838177
-64.7790350626	-25.3634957883
-64.7783874467	-25.3637704354
-64.7778922111	-25.3641824060
-64.7776255457	-25.3647317001
-64.7774731655	-25.3653496560
-64.7773207853	-25.3660362737
-64.7770541200	-25.3666885604
-64.7765588843	-25.3672378546
-64.7759112684	-25.3676154943
-64.7751874625	-25.3677184869
-64.7721398585	-25.3674438399
-64.7690922545	-25.3678901414
-64.7683303535	-25.3678558105
-64.7675684524	-25.3677528178
-64.7668065514	-25.3677871487
-64.7660446504	-25.3679588031
-64.7652827494	-25.3681647884
-64.7645208484	-25.3684051046
-64.7637589474	-25.3685424281
-64.7629970464	-25.3687484134
-64.7622351454	-25.3688857370
-64.7614732444	-25.3688170752
-64.7607113434	-25.3687140826
-64.7599494424	-25.3686454208
-64.7591875414	-25.3687484134
-64.7569018384	-25.3693663693
-64.7561399374	-25.3694007002
-64.7553780364	-25.3693320385
-64.7546161354	-25.3690917223
-64.7530923334	-25.3681991193
-64.7523304324	-25.3677528178
-64.7515685314	-25.3674438399
-64.7508066304	-25.3672035237
-64.7500447293	-25.3669975384
-64.7492828283	-25.3669632075
-64.7485209273	-25.3671348619
-64.7477590263	-25.3675125016
-64.7469971253	-25.3679931340
-64.7462352243	-25.3684051046
-64.7454733233	-25.3686454208
-64.7439495213	-25.3688857370
-64.7416638183	-25.3692633767
-64.7409019173	-25.3691947149
-64.7401400163	-25.3690573914
-64.7393781153	-25.3690230605
-64.7386162143	-25.3691947149
-64.7378543133	-25.3695723546
-64.7370924123	-25.3700873179
-64.7363305113	-25.3705679503
-64.7332829073	-25.3718725238
-64.7325210062	-25.3723531562
-64.7317591052	-25.3728681194
-64.7309972042	-25.3733830827
-64.7302353032	-25.3737607224
-64.7294734022	-25.3739667077
-64.7287495963	-25.3742413548
-64.7280638854	-25.3745846636
-64.7274543646	-25.3750652960
-64.7263115131	-25.3761982151
-64.7256258022	-25.3766445166
-64.7249019962	-25.3768848328
-64.7241400952	-25.3769534945
-64.7233781942	-25.3768848328
-64.7218543922	-25.3764385313
-64.7203686852	-25.3760952225
-64.7196829743	-25.3758892372
-64.7190734535	-25.3755115974
-64.7179306020	-25.3745503327
-64.7172448911	-25.3741383621
-64.7165210852	-25.3737950533
-64.7157591842	-25.3735890680
-64.7149972831	-25.3735547371
-64.7142734772	-25.3738293842
-64.7136258613	-25.3743443474
-64.7130925306	-25.3749623033
-64.7127115801	-25.3756489210
-64.7123306296	-25.3763355386
-64.7117972989	-25.3770221563
-64.7111496831	-25.3777087740
-64.7104258771	-25.3783953916
-64.7096639761	-25.3790820093
-64.7089020751	-25.3797342961
-64.7081401741	-25.3803179211
-64.7073782731	-25.3807642226
-64.7066163721	-25.3810045388
-64.7050925701	-25.3811075314
-64.7043306691	-25.3810045388
-64.7036068631	-25.3807642226
-64.7029211522	-25.3803179211
-64.7017783007	-25.3790820093
-64.7011687799	-25.3784297225
-64.7004830690	-25.3778804284
-64.6997592631	-25.3775027887
-64.6982354611	-25.3773654651
-64.6974735600	-25.3772281416
-64.6967116590	-25.3768505019
-64.6959497580	-25.3763012078
-64.6951878570	-25.3756489210
-64.6936640550	-25.3744130092
-64.6921402530	-25.3735890680
-64.6913783520	-25.3732457592
-64.6906164510	-25.3727651268
-64.6899307401	-25.3721815018
-64.6893212193	-25.3715292150
-64.6888640787	-25.3708769282
-64.6885593183	-25.3702933032
-64.6881021777	-25.3698470017
-64.6874926569	-25.3695723546
-64.6852831440	-25.3690573914
-64.6845212430	-25.3690230605
-64.6837593420	-25.3691947149
-64.6829974410	-25.3695723546
-64.6822355400	-25.3700529870
-64.6814736390	-25.3704306267
-64.6807117380	-25.3705679503
-64.6799498369	-25.3704992885
-64.6791879359	-25.3702589723
-64.6784260349	-25.3700873179
-64.6776641339	-25.3701903105
-64.6769022329	-25.3704306267
-64.6753784309	-25.3711859062
-64.6746165299	-25.3713575606
-64.6738546289	-25.3713918915
-64.6723308269	-25.3711859062
-64.6715689259	-25.3711859062
-64.6700451239	-25.3712888988
-64.6692832229	-25.3711515753
-64.6685213219	-25.3708425973
-64.6677594209	-25.3705336194
-64.6669975199	-25.3703962958
-64.6662356189	-25.3704306267
-64.6647118169	-25.3706022811
-64.6639880109	-25.3704306267
-64.6633023000	-25.3700186561
-64.6626927792	-25.3694350311
-64.6615499277	-25.3682334502
-64.6608642168	-25.3677528178
-64.6601404108	-25.3674438399
-64.6593785098	-25.3672035237
-64.6586166088	-25.3669632075
-64.6578547078	-25.3668258840
-64.6570928068	-25.3667572222
-64.6563309058	-25.3667228913
-64.6532833018	-25.3667228913
-64.6525214008	-25.3667228913
-64.6517594998	-25.3667228913
-64.6509975988	-25.3666885604
-64.6502356978	-25.3666198987
-64.6494737968	-25.3664825751
-64.6479499948	-25.3660362737
-64.6471880938	-25.3658302884
-64.6464261928	-25.3655556413
-64.6449023907	-25.3651093398
-64.6441404897	-25.3648003619
-64.6433785887	-25.3645257148
-64.6426166877	-25.3642510677
-64.6418547867	-25.3640794133
-64.6410928857	-25.3640107515
-64.6403309847	-25.3639764207
-64.6395690837	-25.3639764207
-64.6365214797	-25.3641824060
-64.6357595787	-25.3640794133
-64.6349976777	-25.3639077589
-64.6342357767	-25.3636674427
-64.6334738757	-25.3633241339
-64.6327119747	-25.3630838177
-64.6319500737	-25.3630838177
-64.6304262717	-25.3636674427
-64.6281405687	-25.3643197295
-64.6266167666	-25.3646973692
-64.6258548656	-25.3649033545
-64.6251310597	-25.3648346927
-64.6244453488	-25.3644913839
-64.6238358280	-25.3639420898
-64.6228453567	-25.3626031853
-64.6223882161	-25.3619165677
-64.6220453606	-25.3612299500
-64.6216644101	-25.3605433323
-64.6211310794	-25.3598910455
-64.6204834636	-25.3592730896
-64.6189977566	-25.3582431631
-64.6182739506	-25.3576938690
-64.6176644298	-25.3570759131
-64.6172453843	-25.3564236263
-64.6171691942	-25.3557370087
-64.6173596694	-25.3550503910
-64.6183882358	-25.3529905380
-64.6188834714	-25.3516173027
-64.6188453764	-25.3502440673
-64.6185787110	-25.3495917805
-64.6174739546	-25.3484245305
-64.6168263387	-25.3479438982
-64.6162168179	-25.3474289349
-64.6150739664	-25.3463646775
-64.6143882555	-25.3458840452
-64.6130168337	-25.3447167951
-64.6112644614	-25.3426912730
-64.6105787505	-25.3420046553
-64.6098549445	-25.3413180377
-64.6083311425	-25.3400821259
-64.6075692415	-25.3396014935
-64.6068073405	-25.3392581847
-64.6060454395	-25.3389148758
-64.6053216336	-25.3384342435
-64.6046740177	-25.3378506185
-64.6042168771	-25.3371983317
-64.6040264019	-25.3365117140
-64.6040264019	-25.3358250963
-64.6041025920	-25.3351384787
-64.6039883068	-25.3344518610
-64.6028073603	-25.3323920080
-64.6027692652	-25.3317053903
-64.6030359306	-25.3310187727
-64.6033787860	-25.3303321550
-64.6036073563	-25.3296455373
-64.6036835464	-25.3289589197
-64.6036073563	-25.3282723020
-64.6033787860	-25.3275856843
-64.6029597405	-25.3268990667
-64.6019692692	-25.3256288240
-64.6013597483	-25.3251138607
-64.5999502315	-25.3244272431
-64.5991883305	-25.3242899195
-64.5969026275	-25.3244615740
-64.5961407265	-25.3243929122
-64.5953788255	-25.3241525960
-64.5946169245	-25.3239466107
-64.5938550235	-25.3239466107
-64.5923312214	-25.3244615740
-64.5915693204	-25.3245645666
-64.5908074194	-25.3244615740
-64.5893217125	-25.3239466107
-64.5886360016	-25.3239809416
-64.5868836293	-25.3249078754
-64.5854741124	-25.3248735446
-64.5847122114	-25.3247362210
-64.5839884055	-25.3244615740
-64.5833026945	-25.3240152725
-64.5827312688	-25.3234316475
-64.5814741321	-25.3214061254
-64.5810550866	-25.3207195077
-64.5806360410	-25.3200328900
-64.5801408054	-25.3193462724
-64.5796455697	-25.3186596547
-64.5789217638	-25.3172864194
-64.5786931935	-25.3165998017
-64.5784646232	-25.3152265664
-64.5783503380	-25.3145399487
-64.5783122430	-25.3138533310
-64.5781598628	-25.3131667134
-64.5778170073	-25.3124800957
-64.5774360568	-25.3117934780
-64.5770932014	-25.3111068604
-64.5767122509	-25.3104202427
-64.5761789202	-25.3097336250
-64.5755313043	-25.3090470074
-64.5748455934	-25.3083603897
-64.5742360726	-25.3076737720
-64.5738170270	-25.3069871544
-64.5737408369	-25.3063005367
-64.5739313122	-25.3056139190
-64.5741979775	-25.3049273014
-64.5745027379	-25.3042406837
-64.5746551181	-25.3035540660
-64.5746551181	-25.3028674484
-64.5745408330	-25.3021808307
-64.5736646468	-25.2994343600
-64.5738932171	-25.2966878894
-64.5731313161	-25.2932548010
-64.5728646508	-25.2926368451
-64.5723694151	-25.2921218819
-64.5717217993	-25.2917785731
-64.5702360923	-25.2915382569
-64.5687122903	-25.2909203010
-64.5672265834	-25.2897873818
-64.5659694467	-25.2884484774
-64.5655884962	-25.2877618597
-64.5653599259	-25.2870752420
-64.5653980209	-25.2863886244
-64.5660456368	-25.2850153890
-64.5663884922	-25.2836421537
-64.5662742071	-25.2822689184
-64.5660075417	-25.2815823007
-64.5648646902	-25.2802090654
-64.5596075733	-25.2754027417
-64.5584647218	-25.2740295064
-64.5581980565	-25.2733428887
-64.5577790109	-25.2705964180
-64.5572456802	-25.2692231827
-64.5569028247	-25.2685365651
-64.5557218782	-25.2671976606
-64.5542361712	-25.2661677341
-64.5534742702	-25.2659274179
-64.5511885672	-25.2657900944
-64.5496647652	-25.2658930870
-64.5466171612	-25.2664423812
-64.5428076562	-25.2664767121
-64.5397600521	-25.2668200209
-64.5382362501	-25.2668200209
-64.5374743491	-25.2669230135
-64.5359505471	-25.2675066386
-64.5344267451	-25.2678156165
-64.5321410421	-25.2677126239
-64.5313791411	-25.2674723077
-64.5306172401	-25.2670260062
-64.5252839331	-25.2624599987
-64.5245220321	-25.2619107046
-64.5222363290	-25.2606404619
-64.5207125270	-25.2603314839
-64.5191887250	-25.2602971531
-64.5176649230	-25.2604001457
-64.5146173190	-25.2609494398
-64.5108078140	-25.2609837707
END
END
