1
-65.4397735596	-25.3914966583
-65.4416885376	-25.3918704987
-65.4427185059	-25.3926563263
-65.4437408447	-25.3939113617
-65.4446868896	-25.3942298889
-65.4461517334	-25.3948593140
-65.4468307495	-25.3958759308
-65.4475173950	-25.3965091705
-65.4478530884	-25.3976764679
-65.4481048584	-25.3993244171
-65.4487075806	-25.4001846313
-65.4488677979	-25.4017467499
-65.4480895996	-25.4025268555
-65.4475708008	-25.4036235809
-65.4468765259	-25.4042434692
-65.4474792480	-25.4049510956
-65.4485092163	-25.4052677155
-65.4499740601	-25.4055080414
-65.4512557983	-25.4064521790
-65.4523696899	-25.4076251984
-65.4531402588	-25.4083347321
-65.4548645020	-25.4077911377
-65.4565048218	-25.4065456390
-65.4581451416	-25.4056930542
-65.4592590332	-25.4060897827
-65.4602050781	-25.4071826935
-65.4608001709	-25.4079704285
-65.4613952637	-25.4090671539
-65.4623413086	-25.4096145630
-65.4634628296	-25.4099388123
-65.4647445679	-25.4115047455
-65.4664611816	-25.4123687744
-65.4680099487	-25.4126853943
-65.4687728882	-25.4127445221
-65.4701538086	-25.4128532410
-65.4723052979	-25.4127807617
-65.4740295410	-25.4126300812
-65.4763946533	-25.4140968323
-65.4789123535	-25.4174652100
-65.4789657593	-25.4177799225
-65.4804153442	-25.4201316833
-65.4812698364	-25.4211502075
-65.4826354980	-25.4228725433
-65.4828948975	-25.4237346649
-65.4818572998	-25.4256057739
-65.4815063477	-25.4264640808
-65.4809799194	-25.4274120331
-65.4834518433	-25.4292736053
-65.4849853516	-25.4305019379
-65.4850997925	-25.4313697815
-65.4870605469	-25.4320220947
-65.4873580933	-25.4320220947
-65.4878921509	-25.4326229095
-65.4881210327	-25.4331645966
-65.4885406494	-25.4334316254
-65.4897842407	-25.4340877533
-65.4904327393	-25.4350605011
-65.4896011353	-25.4354896545
-65.4897155762	-25.4362487793
-65.4917984009	-25.4365749359
-65.4931945801	-25.4374351501
-65.4962768555	-25.4390659332
-65.5008468628	-25.4406433105
-65.5034561157	-25.4417362213
-65.5053634644	-25.4416847229
-65.5076141357	-25.4423408508
-65.5098114014	-25.4430522919
-65.5109405518	-25.4434890747
-65.5134963989	-25.4444103241
-65.5153350830	-25.4438285828
-65.5194702148	-25.4440994263
-65.5226821899	-25.4441127777
-65.5243453979	-25.4440116882
-65.5254745483	-25.4442310333
-65.5267791748	-25.4449405670
-65.5289230347	-25.4455928802
-65.5324249268	-25.4463577271
-65.5345001221	-25.4467964172
-65.5368194580	-25.4474506378
-65.5388412476	-25.4476222992
-65.5417709351	-25.4474105835
-65.5419235229	-25.4475154877
-65.5443038940	-25.4475727081
-65.5460815430	-25.4486026764
-65.5477447510	-25.4485015869
-65.5498275757	-25.4482440948
-65.5517349243	-25.4479770660
-65.5536346436	-25.4474430084
-65.5572662354	-25.4471263885
-65.5588684082	-25.4476222992
-65.5619812012	-25.4493274689
-65.5628204346	-25.4494705200
-65.5643692017	-25.4502506256
-65.5654907227	-25.4505958557
-65.5687561035	-25.4513835907
-65.5722808838	-25.4520244598
-65.5740509033	-25.4518852234
-65.5757064819	-25.4517879486
-65.5774230957	-25.4511146545
-65.5791397095	-25.4505386353
-65.5817565918	-25.4500541687
-65.5842208862	-25.4499206543
-65.5863113403	-25.4491481781
-65.5878906250	-25.4483718872
-65.5890426636	-25.4481716156
-65.5902252197	-25.4479656219
-65.5922470093	-25.4481906891
-65.5943298340	-25.4476623535
-65.5959854126	-25.4471378326
-65.5981826782	-25.4468955994
-65.6005859375	-25.4467544556
-65.6035842896	-25.4466686249
-65.6059417725	-25.4460411072
-65.6091003418	-25.4461975098
-65.6109161377	-25.4458122253
-65.6124191284	-25.4462051392
-65.6150665283	-25.4469928741
-65.6170959473	-25.4464645386
-65.6195602417	-25.4463710785
-65.6212692261	-25.4462318420
-65.6227722168	-25.4449253082
-65.6246490479	-25.4437637329
-65.6267700195	-25.4429626465
-65.6285324097	-25.4449119568
-65.6300354004	-25.4456825256
-65.6317291260	-25.4466266632
-65.6336135864	-25.4467201233
-65.6353988647	-25.4472370148
-65.6383590698	-25.4487724304
-65.6400527954	-25.4494590759
-65.6413650513	-25.4510059357
-65.6428756714	-25.4521198273
-65.6439971924	-25.4533214569
-65.6451263428	-25.4551181793
-65.6469116211	-25.4570941925
-65.6485061646	-25.4579524994
-65.6487884521	-25.4592380524
-65.6509475708	-25.4600963593
-65.6539306641	-25.4622974396
-65.6548690796	-25.4633274078
-65.6565628052	-25.4643611908
-65.6574020386	-25.4652118683
-65.6586303711	-25.4664173126
-65.6596603394	-25.4674434662
-65.6607894897	-25.4685611725
-65.6611633301	-25.4689006805
-65.6621017456	-25.4696731567
-65.6630401611	-25.4710445404
-65.6639785767	-25.4716453552
-65.6654891968	-25.4725074768
-65.6668090820	-25.4725112915
-65.6670837402	-25.4728527069
-65.6673660278	-25.4734516144
-65.6676483154	-25.4742221832
-65.6684036255	-25.4751644135
-65.6697158813	-25.4764537811
-65.6717834473	-25.4768848419
-65.6719741821	-25.4769725800
-65.6729202271	-25.4770622253
-65.6742324829	-25.4773178101
-65.6751785278	-25.4773197174
-65.6761169434	-25.4771480560
-65.6769638062	-25.4771518707
-65.6781005859	-25.4772396088
-65.6801681519	-25.4780178070
-65.6813964844	-25.4776744843
-65.6825256348	-25.4774188995
-65.6830902100	-25.4779376984
-65.6845932007	-25.4789695740
-65.6855392456	-25.4788837433
-65.6873245239	-25.4796543121
-65.6877975464	-25.4801692963
-65.6887359619	-25.4803466797
-65.6909027100	-25.4820613861
-65.6918411255	-25.4825763702
-65.6927795410	-25.4832668304
-65.6930618286	-25.4839477539
-65.6936264038	-25.4845504761
-65.6944656372	-25.4851531982
-65.6950988770	-25.4868183136
-65.6950073242	-25.4877586365
-65.6949081421	-25.4889545441
-65.6952819824	-25.4899005890
-65.6955642700	-25.4911804199
-65.6955642700	-25.4920425415
-65.6955566406	-25.4930667877
-65.6955566406	-25.4939231873
-65.6964035034	-25.4951210022
-65.6965866089	-25.4961490631
-65.6967697144	-25.4970893860
-65.6978073120	-25.4977779388
-65.6981811523	-25.4989757538
-65.6983642578	-25.5001773834
-65.6984558105	-25.5012836456
-65.6989288330	-25.5025749207
-65.7002410889	-25.5033397675
-65.7013702393	-25.5042037964
-65.7033386230	-25.5066509247
-65.7041854858	-25.5081958771
-65.7049331665	-25.5103378296
-65.7051162720	-25.5126495361
-65.7045440674	-25.5158119202
-65.7048187256	-25.5187263489
-65.7036819458	-25.5195770264
-65.7045288086	-25.5214595795
-65.7044601440	-25.5223579407
-65.7052078247	-25.5242385864
-65.7049179077	-25.5258674622
-65.7047271729	-25.5267238617
-65.7047271729	-25.5276622772
-65.7050094604	-25.5288600922
-65.7061309814	-25.5301437378
-65.7071685791	-25.5304889679
-65.7080154419	-25.5307483673
-65.7079238892	-25.5319461823
-65.7085800171	-25.5334033966
-65.7094192505	-25.5345172882
-65.7094192505	-25.5354595184
-65.7098922729	-25.5367450714
-65.7098846436	-25.5380249023
-65.7098846436	-25.5387973785
-65.7099761963	-25.5400810242
-65.7105407715	-25.5411930084
-65.7111968994	-25.5421371460
-65.7122268677	-25.5434207916
-65.7126083374	-25.5441894531
-65.7126998901	-25.5452213287
-65.7140121460	-25.5462474823
-65.7146682739	-25.5473632813
-65.7149505615	-25.5487289429
-65.7153244019	-25.5502738953
-65.7152252197	-25.5512142181
-65.7147521973	-25.5524940491
-65.7146530151	-25.5533523560
-65.7143707275	-25.5557212830
-65.7151184082	-25.5565738678
-65.7153091431	-25.5576934814
-65.7147369385	-25.5587139130
-65.7143630981	-25.5591449738
-65.7146377563	-25.5603389740
-65.7149200439	-25.5614528656
-65.7152938843	-25.5623931885
-65.7157669067	-25.5629978180
-65.7164230347	-25.5636844635
-65.7175521851	-25.5640296936
-65.7185897827	-25.5641136169
-65.7191543579	-25.5645408630
-65.7201919556	-25.5652294159
-65.7205657959	-25.5659160614
-65.7213897705	-25.5670108795
-65.7220458984	-25.5671844482
-65.7229003906	-25.5671005249
-65.7241287231	-25.5667572021
-65.7261047363	-25.5662460327
-65.7265167236	-25.5659999847
-65.7277755737	-25.5668163300
-65.7296600342	-25.5681838989
-65.7305068970	-25.5692138672
-65.7310714722	-25.5699882507
-65.7313461304	-25.5709247589
-65.7314453125	-25.5716991425
-65.7323837280	-25.5724658966
-65.7326660156	-25.5734119415
-65.7334136963	-25.5750408173
-65.7342605591	-25.5758953094
-65.7356719971	-25.5769233704
-65.7367095947	-25.5784702301
-65.7367019653	-25.5788936615
-65.7378387451	-25.5794944763
-65.7387771606	-25.5800991058
-65.7391510010	-25.5810356140
-65.7405700684	-25.5816402435
-65.7408447266	-25.5827579498
-65.7408447266	-25.5834388733
-65.7421646118	-25.5836982727
-65.7437667847	-25.5841293335
-65.7448959351	-25.5851535797
-65.7461242676	-25.5859279633
-65.7474136353	-25.5868968964
END
2
-65.6267700195	-25.4429626465
-65.6283493042	-25.4427509308
-65.6301651001	-25.4424152374
-65.6317749023	-25.4419307709
-65.6336517334	-25.4408645630
-65.6355285645	-25.4395637512
-65.6370849609	-25.4382953644
-65.6374053955	-25.4363594055
-65.6374969482	-25.4344711304
-65.6384124756	-25.4330158234
-65.6392822266	-25.4327030182
-65.6427536011	-25.4314689636
-65.6451644897	-25.4306488037
-65.6468734741	-25.4308967590
-65.6483764648	-25.4295845032
-65.6495513916	-25.4291038513
-65.6498794556	-25.4284210205
-65.6504669189	-25.4268684387
-65.6519165039	-25.4253673553
-65.6545791626	-25.4234428406
-65.6572570801	-25.4225330353
-65.6589202881	-25.4209289551
-65.6615982056	-25.4204025269
-65.6630935669	-25.4196758270
-65.6647567749	-25.4191455841
-65.6662521362	-25.4183197021
-65.6681289673	-25.4177398682
-65.6704330444	-25.4169216156
-65.6723556519	-25.4160976410
-65.6743927002	-25.4153709412
-65.6764526367	-25.4150543213
-65.6775283813	-25.4144744873
-65.6796722412	-25.4122390747
-65.6810150146	-25.4102973938
-65.6819763184	-25.4104251862
-65.6834716797	-25.4116420746
-65.6841659546	-25.4117183685
-65.6856155396	-25.4105014801
-65.6858749390	-25.4092559814
-65.6870803833	-25.4076156616
-65.6909866333	-25.4102821350
-65.6912384033	-25.4104309082
-65.6947402954	-25.4126033783
-65.6993103027	-25.4115772247
-65.7030715942	-25.4123516083
-65.7061767578	-25.4134750366
-65.7095260620	-25.4124622345
-65.7102890015	-25.4093818665
-65.7127380371	-25.4080142975
-65.7134017944	-25.4077587128
-65.7133102417	-25.4052791595
-65.7148666382	-25.4032211304
-65.7162780762	-25.4032268524
-65.7182540894	-25.4034881592
-65.7192077637	-25.4033756256
-65.7204208374	-25.4032363892
-65.7225799561	-25.4048652649
-65.7247695923	-25.4058799744
-65.7243881226	-25.4076766968
-65.7237014771	-25.4085426331
-65.7255859375	-25.4106006622
-65.7273635864	-25.4137744904
-65.7273635864	-25.4152259827
-65.7279968262	-25.4187908173
-65.7283248901	-25.4214458466
-65.7294464111	-25.4242668152
-65.7300033569	-25.4254970551
-65.7306213379	-25.4268741608
-65.7314147949	-25.4283714294
-65.7325897217	-25.4299545288
-65.7331008911	-25.4340629578
-65.7334213257	-25.4379577637
-65.7351074219	-25.4393558502
-65.7350158691	-25.4410228729
-65.7349166870	-25.4433288574
-65.7363204956	-25.4447326660
-65.7389068604	-25.4465789795
-65.7382431030	-25.4488410950
-65.7390441895	-25.4495754242
-65.7403106689	-25.4518833160
-65.7428359985	-25.4530620575
-65.7446212769	-25.4555912018
-65.7456054688	-25.4576873779
-65.7470169067	-25.4591903687
-65.7488555908	-25.4605045319
-65.7502670288	-25.4614429474
-65.7514343262	-25.4624042511
-65.7517395020	-25.4623126984
END
3
-65.7300033569	-25.4254970551
-65.7308120728	-25.4255542755
-65.7348098755	-25.4269676208
-65.7369766235	-25.4263687134
-65.7388153076	-25.4264965057
-65.7402267456	-25.4279136658
-65.7425842285	-25.4274864197
-65.7436828613	-25.4268207550
-65.7443695068	-25.4256935120
-65.7470092773	-25.4247150421
-65.7495040894	-25.4239559174
-65.7520294189	-25.4235935211
-65.7533340454	-25.4234142303
-65.7555160522	-25.4232158661
-65.7581024170	-25.4230861664
-65.7603607178	-25.4220199585
-65.7623901367	-25.4218559265
-65.7639465332	-25.4208297729
-65.7652664185	-25.4196376801
-65.7670593262	-25.4184398651
-65.7693176270	-25.4175453186
END
4
-65.4578170776	-25.3394336700
-65.4588394165	-25.3399887085
-65.4597625732	-25.3402309418
-65.4609069824	-25.3404731750
-65.4624557495	-25.3404426575
-65.4633331299	-25.3404464722
-65.4643020630	-25.3404521942
-65.4655838013	-25.3403720856
-65.4663848877	-25.3395748138
-65.4675750732	-25.3389358521
-65.4687194824	-25.3387413025
-65.4702224731	-25.3385848999
-65.4714126587	-25.3387145996
-65.4729614258	-25.3381557465
-65.4741973877	-25.3386402130
-65.4765319824	-25.3388080597
-65.4775466919	-25.3388900757
-65.4792633057	-25.3387756348
-65.4803237915	-25.3381004333
-65.4833297729	-25.3375892639
-65.4849624634	-25.3369979858
-65.4864196777	-25.3370761871
-65.4881820679	-25.3368034363
-65.4890670776	-25.3371257782
-65.4901657104	-25.3379344940
-65.4915390015	-25.3378601074
-65.4929122925	-25.3371067047
-65.4939727783	-25.3370704651
-65.4956893921	-25.3377990723
-65.4974975586	-25.3379631042
-65.4983825684	-25.3377666473
-65.4998779297	-25.3380527496
-65.5011978149	-25.3387794495
-65.5023422241	-25.3391036987
-65.5035781860	-25.3395519257
-65.5054244995	-25.3406791687
-65.5055541992	-25.3411598206
-65.5082015991	-25.3412494659
-65.5091705322	-25.3414497375
-65.5101852417	-25.3413372040
-65.5117721558	-25.3421039581
-65.5137557983	-25.3427104950
-65.5146789551	-25.3429527283
-65.5156478882	-25.3428401947
-65.5166168213	-25.3433609009
-65.5169219971	-25.3439292908
-65.5173187256	-25.3450508118
-65.5175323486	-25.3459339142
-65.5178070068	-25.3465976715
-65.5184707642	-25.3467979431
-65.5194854736	-25.3469257355
-65.5196151733	-25.3473243713
-65.5205841064	-25.3471279144
-65.5214309692	-25.3466892242
-65.5215148926	-25.3463268280
-65.5231094360	-25.3464527130
-65.5242919922	-25.3468608856
-65.5259246826	-25.3469467163
-65.5270309448	-25.3469486237
-65.5279083252	-25.3473129272
-65.5286560059	-25.3475532532
-65.5296707153	-25.3475589752
-65.5302429199	-25.3475170135
-65.5311737061	-25.3472843170
-65.5317916870	-25.3472824097
-65.5329818726	-25.3476505280
-65.5336456299	-25.3477325439
-65.5342178345	-25.3481388092
-65.5349197388	-25.3485374451
-65.5351409912	-25.3486595154
-65.5364608765	-25.3484649658
-65.5374374390	-25.3479843140
-65.5392913818	-25.3473072052
-65.5401306152	-25.3471488953
-65.5405883789	-25.3466434479
-65.5412521362	-25.3464431763
-65.5424880981	-25.3457221985
-65.5430603027	-25.3453655243
-65.5444335938	-25.3450489044
-65.5454483032	-25.3448143005
-65.5465927124	-25.3447360992
-65.5473861694	-25.3447399139
-65.5480957031	-25.3442993164
-65.5484924316	-25.3434581757
-65.5488052368	-25.3428974152
-65.5495147705	-25.3418579102
-65.5509262085	-25.3415794373
-65.5522079468	-25.3417472839
-65.5530471802	-25.3418273926
-65.5538787842	-25.3421554565
-65.5542755127	-25.3423519135
-65.5550765991	-25.3417568207
-65.5556945801	-25.3411903381
-65.5556945801	-25.3401527405
-65.5556106567	-25.3393115997
-65.5560989380	-25.3386669159
-65.5570297241	-25.3382720947
-65.5586547852	-25.3383560181
-65.5596160889	-25.3381366730
-65.5608520508	-25.3371353149
-65.5608596802	-25.3362121582
-65.5613021851	-25.3350887299
-65.5627593994	-25.3339767456
-65.5636444092	-25.3339748383
-65.5646591187	-25.3332996368
-65.5665206909	-25.3321800232
-65.5676651001	-25.3312568665
-65.5685501099	-25.3305778503
-65.5691299438	-25.3295402527
-65.5700149536	-25.3291416168
-65.5719070435	-25.3288650513
-65.5731430054	-25.3291091919
-65.5763244629	-25.3280754089
-65.5780639648	-25.3279266357
-65.5807952881	-25.3279342651
-65.5831298828	-25.3283023834
-65.5854721069	-25.3285865784
-65.5863494873	-25.3287467957
-65.5872726440	-25.3294391632
-65.5878906250	-25.3300418854
-65.5886383057	-25.3305206299
-65.5893402100	-25.3308048248
-65.5898666382	-25.3312835693
-65.5910186768	-25.3310508728
-65.5919418335	-25.3304538727
-65.5925216675	-25.3294506073
-65.5934524536	-25.3282470703
-65.5953598022	-25.3261718750
-65.5966796875	-25.3250465393
-65.5998611450	-25.3242549896
-65.6016845703	-25.3231811523
-65.6044692993	-25.3227081299
-65.6059722900	-25.3219509125
-65.6079101563	-25.3219985962
-65.6084365845	-25.3221149445
-65.6091003418	-25.3223190308
-65.6102066040	-25.3222007751
-65.6106872559	-25.3223991394
-65.6110382080	-25.3227634430
-65.6113891602	-25.3230457306
-65.6116104126	-25.3233718872
-65.6121368408	-25.3238887787
-65.6126251221	-25.3242912292
-65.6138992310	-25.3248596191
-65.6148223877	-25.3250999451
-65.6158828735	-25.3254241943
-65.6168975830	-25.3260688782
-65.6178207397	-25.3267517090
-65.6183013916	-25.3273563385
-65.6188735962	-25.3279609680
-65.6189193726	-25.3284378052
-65.6191787720	-25.3285999298
-65.6193542480	-25.3288402557
-65.6198425293	-25.3289623260
-65.6202392578	-25.3288841248
-65.6209411621	-25.3296508789
-65.6209793091	-25.3301734924
-65.6215972900	-25.3306140900
-65.6223449707	-25.3311367035
-65.6226959229	-25.3314189911
-65.6233596802	-25.3317413330
-65.6233978271	-25.3321418762
-65.6235733032	-25.3326263428
-65.6245880127	-25.3333110809
-65.6251220703	-25.3333511353
-65.6265716553	-25.3331909180
-65.6277236938	-25.3331966400
-65.6283035278	-25.3331546783
-65.6293640137	-25.3332805634
-65.6299743652	-25.3333415985
-65.6302490234	-25.3333644867
-65.6317443848	-25.3330478668
-65.6324081421	-25.3325271606
-65.6328506470	-25.3319282532
-65.6334304810	-25.3315258026
-65.6337814331	-25.3311271667
-65.6345748901	-25.3310089111
-65.6363830566	-25.3305702209
-65.6377944946	-25.3302154541
-65.6393890381	-25.3296546936
-65.6401748657	-25.3301830292
-65.6412811279	-25.3299827576
-65.6420745850	-25.3301849365
-65.6426467896	-25.3308277130
-65.6436614990	-25.3311481476
-65.6442794800	-25.3315925598
-65.6461715698	-25.3314361572
-65.6468353271	-25.3312816620
-65.6474990845	-25.3312816620
-65.6485137939	-25.3315258026
-65.6498794556	-25.3312892914
-65.6503219604	-25.3309650421
-65.6503219604	-25.3308029175
-65.6508483887	-25.3306846619
-65.6515579224	-25.3309707642
-65.6519546509	-25.3317699432
-65.6525650024	-25.3323783875
-65.6530075073	-25.3325767517
-65.6533126831	-25.3330173492
-65.6546783447	-25.3330249786
-65.6554336548	-25.3323841095
-65.6559677124	-25.3314590454
-65.6559677124	-25.3312606812
-65.6567611694	-25.3311023712
-65.6576843262	-25.3308238983
-65.6578445435	-25.3301849365
-65.6585998535	-25.3294219971
-65.6593475342	-25.3293056488
-65.6600112915	-25.3288650513
-65.6606292725	-25.3287868500
-65.6615524292	-25.3287868500
-65.6631851196	-25.3287487030
-65.6640701294	-25.3282718658
-65.6650848389	-25.3274326324
-65.6652679443	-25.3267536163
-65.6657943726	-25.3261890411
-65.6664581299	-25.3257083893
-65.6668548584	-25.3245468140
-65.6668167114	-25.3238658905
-65.6668167114	-25.3233070374
-65.6675262451	-25.3222255707
-65.6681060791	-25.3215732574
-65.6683120728	-25.3214073181
-65.6687088013	-25.3202857971
-65.6686248779	-25.3194808960
-65.6686325073	-25.3185596466
-65.6687164307	-25.3178825378
-65.6687164307	-25.3172779083
-65.6685028076	-25.3164329529
-65.6679306030	-25.3155517578
-65.6676254272	-25.3147449493
-65.6678009033	-25.3137035370
-65.6675796509	-25.3133430481
-65.6669692993	-25.3128623962
-65.6663055420	-25.3124179840
-65.6660461426	-25.3121795654
-65.6656951904	-25.3112525940
-65.6656951904	-25.3102912903
-65.6656570435	-25.3093318939
-65.6657485962	-25.3083286285
-65.6657943726	-25.3074035645
-65.6657943726	-25.3066825867
-65.6657485962	-25.3058795929
-65.6657562256	-25.3053970337
-65.6657562256	-25.3045539856
-65.6655807495	-25.3039531708
-65.6654510498	-25.3033504486
-65.6660690308	-25.3027877808
-65.6670837402	-25.3020305634
-65.6663436890	-25.3015384674
-65.6656875610	-25.3008975983
-65.6655578613	-25.3000965118
-65.6655578613	-25.2988109589
-65.6649017334	-25.2982139587
-65.6645507813	-25.2979259491
-65.6644134521	-25.2974052429
-65.6649017334	-25.2965621948
-65.6651229858	-25.2957611084
-65.6652221680	-25.2947978973
-65.6653518677	-25.2939968109
-65.6651763916	-25.2933139801
-65.6642532349	-25.2927951813
-65.6634140015	-25.2923088074
-65.6627120972	-25.2921104431
-65.6625289917	-25.2919197083
-65.6626281738	-25.2913036346
-65.6635055542	-25.2908229828
-65.6640396118	-25.2902240753
-65.6639938354	-25.2899036407
-65.6652221680	-25.2896423340
-65.6658020020	-25.2897453308
-65.6661071777	-25.2896041870
-65.6675872803	-25.2892608643
-65.6697235107	-25.2893543243
-65.6707916260	-25.2893619537
-65.6723327637	-25.2892436981
-65.6749649048	-25.2897415161
-65.6765441895	-25.2893924713
-65.6776504517	-25.2886734009
-65.6790618896	-25.2876319885
-65.6801681519	-25.2864665985
-65.6814498901	-25.2851486206
-65.6820220947	-25.2843093872
-65.6826400757	-25.2839450836
-65.6829528809	-25.2829074860
-65.6833953857	-25.2822628021
-65.6838378906	-25.2805004120
-65.6840591431	-25.2799015045
-65.6839752197	-25.2795410156
-65.6842956543	-25.2785701752
-65.6843032837	-25.2779254913
-65.6846847534	-25.2770709991
-65.6851730347	-25.2757129669
-65.6850433350	-25.2751464844
-65.6852645874	-25.2746295929
-65.6853637695	-25.2732200623
-65.6858901978	-25.2728996277
-65.6861114502	-25.2724990845
-65.6870727539	-25.2723903656
-65.6875991821	-25.2721557617
-65.6883468628	-25.2720737457
-65.6885223389	-25.2718715668
-65.6900253296	-25.2719173431
-65.6906890869	-25.2713584900
-65.6913452148	-25.2712383270
-65.6934127808	-25.2702865601
-65.6947860718	-25.2703685760
-65.6957092285	-25.2700099945
-65.6964569092	-25.2698917389
-65.6966781616	-25.2694454193
-65.6979598999	-25.2688903809
-65.6984939575	-25.2686100006
-65.6991119385	-25.2679271698
-65.7000350952	-25.2679271698
-65.7011795044	-25.2674961090
-65.7016296387	-25.2672080994
-65.7029953003	-25.2668533325
-65.7036972046	-25.2661685944
-65.7041397095	-25.2658500671
-65.7048492432	-25.2653369904
-65.7053756714	-25.2645320892
-65.7057342529	-25.2638893127
-65.7063522339	-25.2636528015
-65.7065658569	-25.2631721497
-65.7065734863	-25.2619266510
-65.7073593140	-25.2607345581
-65.7077636719	-25.2600955963
-65.7085113525	-25.2600955963
-65.7093505859	-25.2599773407
-65.7096099854	-25.2601795197
-65.7101364136	-25.2604618073
-65.7102279663	-25.2606639862
-65.7103118896	-25.2609062195
-65.7105331421	-25.2609062195
-65.7117691040	-25.2607040405
-65.7121658325	-25.2607860565
-65.7125625610	-25.2611484528
-65.7134017944	-25.2608261108
-65.7137985229	-25.2605075836
-65.7141113281	-25.2602272034
END
5
-65.7393035889	-25.3119449615
-65.7388610840	-25.3129863739
-65.7388153076	-25.3136272430
-65.7384185791	-25.3142719269
-65.7375793457	-25.3149127960
-65.7372283936	-25.3155517578
-65.7370452881	-25.3161964417
-65.7369155884	-25.3167533875
-65.7366943359	-25.3175544739
-65.7362518311	-25.3180370331
-65.7362060547	-25.3187999725
-65.7361602783	-25.3194408417
-65.7358932495	-25.3198032379
-65.7354965210	-25.3202381134
-65.7354507446	-25.3208427429
-65.7356262207	-25.3215656281
-65.7355804443	-25.3222885132
-65.7354507446	-25.3227691650
-65.7354431152	-25.3231716156
-65.7347412109	-25.3237342834
-65.7337265015	-25.3243312836
-65.7327957153	-25.3250102997
-65.7321777344	-25.3256893158
-65.7315597534	-25.3263740540
-65.7308959961	-25.3268146515
-65.7303237915	-25.3270912170
-65.7299652100	-25.3273715973
-65.7292633057	-25.3281345367
-65.7282028198	-25.3284111023
-65.7276687622	-25.3286151886
-65.7273635864	-25.3288917542
-65.7260360718	-25.3292083740
-65.7252044678	-25.3290119171
-65.7246704102	-25.3292064667
-65.7241439819	-25.3297710419
-65.7235641479	-25.3302059174
-65.7229461670	-25.3302440643
-65.7224655151	-25.3298835754
-65.7221145630	-25.3295612335
-65.7220230103	-25.3292827606
-65.7213211060	-25.3286018372
-65.7208328247	-25.3285160065
-65.7202377319	-25.3281574249
-65.7191848755	-25.3281135559
-65.7175903320	-25.3276691437
-65.7161407471	-25.3278274536
-65.7154312134	-25.3275413513
-65.7144165039	-25.3274612427
-65.7130966187	-25.3273372650
-65.7115097046	-25.3272933960
-65.7102737427	-25.3274974823
-65.7095260620	-25.3277320862
-65.7092132568	-25.3285369873
-65.7087707520	-25.3287734985
-65.7083740234	-25.3289756775
-65.7074432373	-25.3290100098
-65.7062988281	-25.3288116455
-65.7054214478	-25.3289260864
-65.7050628662	-25.3289279938
-65.7047119141	-25.3286457062
-65.7043609619	-25.3281250000
-65.7041854858	-25.3278026581
-65.7037048340	-25.3271579742
-65.7031326294	-25.3268032074
-65.7028198242	-25.3263168335
-65.7027816772	-25.3254337311
-65.7027816772	-25.3247127533
-65.7023620605	-25.3237590790
-65.7012557983	-25.3233909607
-65.7001571655	-25.3230686188
-65.6994552612	-25.3226261139
-65.6984863281	-25.3219852448
-65.6976013184	-25.3211765289
-65.6966781616	-25.3210124969
-65.6957092285	-25.3208541870
-65.6948242188	-25.3208522797
-65.6931076050	-25.3210868835
-65.6920471191	-25.3213233948
-65.6912994385	-25.3213233948
-65.6904144287	-25.3214435577
-65.6894454956	-25.3216419220
-65.6890411377	-25.3221626282
-65.6888275146	-25.3224411011
-65.6884689331	-25.3227233887
-65.6879425049	-25.3229637146
-65.6873245239	-25.3229198456
-65.6864013672	-25.3228778839
-65.6845169067	-25.3232746124
-65.6832809448	-25.3233089447
-65.6825332642	-25.3235893250
-65.6814727783	-25.3237075806
-65.6803283691	-25.3238239288
-65.6793518066	-25.3241844177
-65.6783370972	-25.3244647980
-65.6769714355	-25.3241786957
-65.6751174927	-25.3241710663
-65.6743698120	-25.3241348267
-65.6739273071	-25.3237323761
-65.6728286743	-25.3228874207
-65.6720352173	-25.3227653503
-65.6712417603	-25.3224830627
-65.6708984375	-25.3224029541
-65.6699752808	-25.3221588135
-65.6694030762	-25.3219165802
-65.6685180664	-25.3218727112
-65.6681060791	-25.3215732574
END
6
-65.4491577148	-25.3234329224
-65.4498748779	-25.3211574554
-65.4502716064	-25.3200759888
-65.4502792358	-25.3188095093
-65.4519729614	-25.3181800842
-65.4529724121	-25.3172836304
-65.4540710449	-25.3154754639
-65.4540786743	-25.3146629333
-65.4549713135	-25.3140354156
-65.4561691284	-25.3127746582
-65.4561767578	-25.3116016388
-65.4562835693	-25.3104267120
-65.4565811157	-25.3097000122
-65.4577789307	-25.3087997437
-65.4582824707	-25.3079032898
-65.4601745605	-25.3068218231
-65.4606704712	-25.3059196472
-65.4618682861	-25.3060169220
-65.4622650146	-25.3052024841
-65.4617691040	-25.3047504425
-65.4626693726	-25.3045730591
-65.4630661011	-25.3042106628
-65.4639663696	-25.3032169342
-65.4652633667	-25.3019580841
-65.4668579102	-25.3007907867
-65.4676513672	-25.3008861542
-65.4678573608	-25.2995300293
-65.4678573608	-25.2991638184
-65.4685592651	-25.2982635498
-65.4703521729	-25.2966461182
-65.4712448120	-25.2965583801
-65.4724502563	-25.2949371338
-65.4734420776	-25.2944869995
-65.4741439819	-25.2925891876
-65.4745483398	-25.2915992737
-65.4754486084	-25.2909717560
-65.4765396118	-25.2901592255
-65.4769439697	-25.2892551422
-65.4780426025	-25.2875404358
-65.4787445068	-25.2853393555
-65.4795455933	-25.2836265564
-65.4795455933	-25.2825393677
-65.4798507690	-25.2817268372
-65.4805450439	-25.2812824249
-65.4817428589	-25.2804718018
-65.4833374023	-25.2792987823
-65.4846343994	-25.2781276703
-65.4856262207	-25.2782230377
-65.4866180420	-25.2781391144
-65.4884185791	-25.2768726349
-65.4892120361	-25.2767868042
-65.4909515381	-25.2762699127
-65.4926452637	-25.2756423950
-65.4933395386	-25.2752876282
-65.4941329956	-25.2752876282
-65.4957275391	-25.2749309540
-65.4969177246	-25.2749385834
-65.4982147217	-25.2745742798
-65.4984130859	-25.2740325928
-65.4995040894	-25.2744884491
-65.5005950928	-25.2749481201
-65.5014877319	-25.2751312256
-65.5026855469	-25.2749576569
-65.5034790039	-25.2753181458
-65.5044708252	-25.2755947113
-65.5049667358	-25.2758674622
-65.5056610107	-25.2754173279
-65.5056610107	-25.2747802734
-65.5060653687	-25.2744216919
-65.5080490112	-25.2740688324
-65.5087432861	-25.2747020721
-65.5099411011	-25.2744331360
-65.5105361938	-25.2736244202
-65.5121765137	-25.2727584839
-65.5136260986	-25.2717361450
-65.5145187378	-25.2710170746
-65.5159149170	-25.2705650330
-65.5170822144	-25.2703418732
-65.5184097290	-25.2703456879
-65.5203933716	-25.2701587677
-65.5218734741	-25.2703189850
-65.5224685669	-25.2704982758
-65.5233612061	-25.2707710266
-65.5244522095	-25.2706089020
-65.5255508423	-25.2698764801
-65.5264511108	-25.2700595856
-65.5284347534	-25.2701568604
-65.5312194824	-25.2690849304
-65.5321197510	-25.2679958344
-65.5325164795	-25.2671871185
-65.5335159302	-25.2670116425
-65.5348052979	-25.2665615082
-65.5366897583	-25.2669296265
-65.5396728516	-25.2661247253
-65.5408630371	-25.2663078308
-65.5423583984	-25.2663135529
-65.5433502197	-25.2664985657
-65.5446395874	-25.2667751312
-65.5461273193	-25.2668666840
-65.5503311157	-25.2665328979
-65.5511245728	-25.2672576904
-65.5524139404	-25.2675342560
-65.5536117554	-25.2670841217
-65.5546035767	-25.2663631439
-65.5553054810	-25.2658233643
-65.5557022095	-25.2651004791
-65.5569915771	-25.2651042938
-65.5583877563	-25.2652015686
-65.5587844849	-25.2652034760
-65.5598754883	-25.2652072906
-65.5603713989	-25.2653884888
-65.5620651245	-25.2647590637
-65.5634536743	-25.2647628784
-65.5648422241	-25.2647647858
-65.5670318604	-25.2648620605
-65.5680236816	-25.2642364502
-65.5695190430	-25.2627029419
-65.5703125000	-25.2625274658
-65.5714111328	-25.2618904114
-65.5731964111	-25.2627162933
-65.5742874146	-25.2637119293
-65.5749816895	-25.2637138367
-65.5753860474	-25.2626285553
-65.5753860474	-25.2620868683
-65.5768737793	-25.2616367340
-65.5774688721	-25.2613697052
-65.5785675049	-25.2612819672
-65.5789642334	-25.2620067596
-65.5797576904	-25.2621002197
-65.5797576904	-25.2613754272
-65.5802612305	-25.2601127625
-65.5803604126	-25.2597541809
-65.5811614990	-25.2594242096
-65.5830383301	-25.2598514557
-65.5845947266	-25.2603015900
-65.5849304199	-25.2603950500
-65.5870132446	-25.2596778870
-65.5884094238	-25.2592334747
-65.5891036987	-25.2586898804
-65.5896987915	-25.2586879730
-65.5906982422	-25.2585124969
-65.5913848877	-25.2592411041
-65.5914840698	-25.2602348328
-65.5921783447	-25.2611389160
-65.5929718018	-25.2618656158
-65.5937652588	-25.2617740631
-65.5946578979	-25.2622318268
-65.5962448120	-25.2631416321
-65.5965423584	-25.2629604340
-65.5973358154	-25.2625999451
-65.5982360840	-25.2616996765
-65.5982360840	-25.2613391876
-65.5984344482	-25.2613353729
-65.5994262695	-25.2608890533
-65.6004257202	-25.2608890533
-65.6014175415	-25.2609844208
-65.6018066406	-25.2623443604
-65.6022720337	-25.2633380890
-65.6034698486	-25.2627086639
-65.6045608521	-25.2619895935
-65.6051559448	-25.2625350952
-65.6052474976	-25.2635250092
-65.6048507690	-25.2641639709
-65.6061401367	-25.2647991180
-65.6063385010	-25.2652511597
-65.6067352295	-25.2657909393
-65.6087188721	-25.2657947540
-65.6089172363	-25.2659759521
-65.6106109619	-25.2658920288
-65.6111068726	-25.2648105621
-65.6112136841	-25.2641773224
-65.6118087769	-25.2632732391
-65.6128997803	-25.2635478973
-65.6131057739	-25.2627372742
-65.6147918701	-25.2621059418
-65.6151962280	-25.2609348297
-65.6162948608	-25.2598514557
-65.6169891357	-25.2592220306
-65.6179809570	-25.2584095001
-65.6179885864	-25.2575073242
-65.6182861328	-25.2568702698
-65.6196823120	-25.2557907104
-65.6204757690	-25.2551631927
-65.6220703125	-25.2547149658
-65.6219711304	-25.2538967133
-65.6236495972	-25.2527618408
-65.6248474121	-25.2522220612
-65.6253433228	-25.2514095306
-65.6264343262	-25.2518634796
-65.6270294189	-25.2515068054
-65.6279144287	-25.2503948212
-65.6302871704	-25.2504329681
-65.6314773560	-25.2502574921
-65.6329727173	-25.2497177124
-65.6347579956	-25.2505378723
-65.6368408203	-25.2510833740
-65.6391372681	-25.2504730225
-65.6407699585	-25.2504081726
-65.6417846680	-25.2503395081
-65.6431808472	-25.2505588531
-65.6441879272	-25.2516422272
-65.6455841064	-25.2511024475
-65.6463775635	-25.2497520447
-65.6478729248	-25.2491168976
-65.6476745605	-25.2487564087
-65.6488723755	-25.2483997345
-65.6498641968	-25.2483997345
-65.6507568359	-25.2471389771
-65.6510620117	-25.2462310791
-65.6511611938	-25.2456035614
-65.6516571045	-25.2449722290
-65.6530532837	-25.2447929382
-65.6540451050	-25.2443428040
-65.6537475586	-25.2434406281
-65.6531600952	-25.2423515320
-65.6527633667	-25.2419891357
-65.6526641846	-25.2411785126
-65.6528625488	-25.2401828766
-65.6530685425	-25.2390956879
-65.6531677246	-25.2383728027
-65.6544647217	-25.2373847961
-65.6543655396	-25.2363891602
-65.6550598145	-25.2358493805
-65.6550674438	-25.2348556519
-65.6550674438	-25.2337741852
-65.6552734375	-25.2319622040
-65.6568679810	-25.2298851013
-65.6575622559	-25.2282619476
-65.6580657959	-25.2273597717
-65.6584701538	-25.2256393433
-65.6586685181	-25.2250080109
-65.6588668823	-25.2246494293
-65.6590652466	-25.2241992950
-65.6598663330	-25.2240180969
-65.6598663330	-25.2232055664
-65.6598663330	-25.2226638794
-65.6590728760	-25.2220287323
-65.6587753296	-25.2213935852
-65.6587829590	-25.2209434509
-65.6588821411	-25.2204895020
-65.6587829590	-25.2201251984
-65.6585845947	-25.2200355530
-65.6589813232	-25.2188644409
-65.6591873169	-25.2181434631
-65.6586990356	-25.2162933350
-65.6586151123	-25.2155017853
-65.6604461670	-25.2147598267
-65.6607437134	-25.2149391174
-65.6611404419	-25.2141304016
-65.6612396240	-25.2137622833
-65.6627273560	-25.2134075165
-65.6629333496	-25.2129573822
-65.6644210815	-25.2132320404
-65.6658096313	-25.2132339478
-65.6671981812	-25.2131462097
-65.6679916382	-25.2134151459
-65.6687850952	-25.2136898041
-65.6696853638	-25.2130603790
-65.6699829102	-25.2126083374
-65.6705780029	-25.2123394012
-65.6733551025	-25.2122535706
-65.6747512817	-25.2125301361
-65.6766357422	-25.2127132416
-65.6782226563	-25.2127208710
-65.6792144775	-25.2130813599
-65.6804046631	-25.2135334015
-65.6827850342	-25.2147178650
-65.6833801270	-25.2150802612
-65.6839752197	-25.2153549194
-65.6859588623	-25.2159900665
-65.6866226196	-25.2157115936
-65.6876525879	-25.2144565582
-65.6882553101	-25.2133731842
-65.6887512207	-25.2128314972
-65.6909332275	-25.2123851776
-65.6926269531	-25.2120265961
-65.6940155029	-25.2123928070
-65.6955032349	-25.2115802765
-65.6968994141	-25.2111320496
-65.6974945068	-25.2108592987
-65.6995773315	-25.2105007172
-65.7011718750	-25.2104129791
-65.7035522461	-25.2095165253
END
7
-65.6616668701	-25.2398834229
-65.6619567871	-25.2394771576
-65.6635513306	-25.2386684418
-65.6650390625	-25.2390346527
-65.6668243408	-25.2393989563
-65.6697998047	-25.2397689819
-65.6705017090	-25.2390480042
-65.6715927124	-25.2386856079
-65.6752700806	-25.2381553650
-65.6775588989	-25.2377967834
-65.6783523560	-25.2378902435
-65.6797409058	-25.2383441925
-65.6805343628	-25.2388896942
-65.6811294556	-25.2391624451
-65.6846008301	-25.2397975922
-65.6864929199	-25.2391719818
-65.6871871948	-25.2391738892
-65.6894760132	-25.2381858826
-65.6908645630	-25.2385520935
-65.6925506592	-25.2385520935
-65.6936416626	-25.2385559082
-65.6937484741	-25.2375621796
-65.6936492920	-25.2363815308
-65.6936492920	-25.2356643677
-65.6944503784	-25.2343101501
-65.6950531006	-25.2328605652
-65.6952514648	-25.2323207855
-65.6965408325	-25.2314205170
-65.6981353760	-25.2310638428
-65.6997222900	-25.2306098938
-65.7004165649	-25.2306098938
-65.7015151978	-25.2305221558
-65.7015151978	-25.2300720215
-65.7039031982	-25.2280883789
-65.7040023804	-25.2277259827
END
END
